F4_KNU1_A -63.7714 196.677 -45.2456
F4_KNU1_B -49.7226 180.497 -8.0084
F4_KNU2_A -71.1066 197.862 -68.2456
F4_KNU3_A -75.5458 194.169 -84.3258
F3_KNU1_A -35.0815 205.037 -53.9382
F3_KNU1_B -28.0857 183.868 -11.204
F3_KNU2_A -40.4999 208.87 -81.5892
F3_KNU3_A -44.5059 206.562 -99.8036
F1_KNU1_A 14.1308 195.446 -38.6979
F1_KNU1_B 14.899 175.043 -9.8296
F1_KNU2_A 11.8712 202.897 -56.6401
F1_KNU3_A 8.62733 206.38 -73.2068
F2_KNU1_A -16.3452 159.989 -47.6819
F2_KNU1_B -5.41191 181.807 -10.2559
F2_KNU2_A -21.9187 132.998 -50.4717
F2_KNU3_A -23.8299 115.842 -43.3207
TH_KNU1_A -43.7703 131.297 5.31632
TH_KNU1_B -29.5923 128.058 53.0684
TH_KNU2_A -42.8697 131.78 -28.764
TH_KNU3_A -26.6309 129.395 -45.4476
PALM_POSITION -20.3313 166.61 6.12745
PALM_NORMAL -0.0523046 -0.830589 -0.554425
