F4_KNU1_A -65.2791 196.275 -45.5649
F4_KNU1_B -51.1775 183.101 -7.18064
F4_KNU2_A -72.9213 199.008 -68.332
F4_KNU3_A -78.0167 198.331 -84.6261
F3_KNU1_A -37.611 203.694 -54.9959
F3_KNU1_B -29.5775 186.321 -10.7587
F3_KNU2_A -43.1021 209.234 -82.3416
F3_KNU3_A -47.0452 210.369 -100.68
F1_KNU1_A 12.3177 197.249 -39.3593
F1_KNU1_B 13.3467 177.114 -10.311
F1_KNU2_A 9.96689 204.813 -57.2423
F1_KNU3_A 6.68049 208.635 -73.7256
F2_KNU1_A -18.5174 165.021 -48.9904
F2_KNU1_B -6.90863 184.057 -10.2718
F2_KNU2_A -24.5004 138.21 -52.5675
F2_KNU3_A -26.3928 121.076 -45.3617
TH_KNU1_A -45.5833 133.163 5.51932
TH_KNU1_B -30.334 129.835 52.9341
TH_KNU2_A -44.4984 133.562 -28.5567
TH_KNU3_A -29.4227 131.37 -46.3231
PALM_POSITION -21.6421 168.811 6.23493
PALM_NORMAL -0.0702591 -0.824077 -0.562103
