F4_KNU1_A -64.872 194.258 -47.0647
F4_KNU1_B -50.6121 183.867 -7.89273
F4_KNU2_A -72.7547 198.012 -69.6031
F4_KNU3_A -78.2235 199.541 -85.7174
F3_KNU1_A -37.2522 201.561 -56.457
F3_KNU1_B -28.9591 186.925 -11.2874
F3_KNU2_A -42.4527 208.3 -83.5895
F3_KNU3_A -46.0348 211.774 -101.707
F1_KNU1_A 12.6687 196.301 -40.4852
F1_KNU1_B 13.8702 177.293 -10.6935
F1_KNU2_A 10.2563 203.264 -58.6025
F1_KNU3_A 6.9583 206.654 -75.1779
F2_KNU1_A -17.2353 169.838 -51.4803
F2_KNU1_B -6.31683 184.432 -10.6872
F2_KNU2_A -23.7709 143.548 -57.2687
F2_KNU3_A -26.0899 126.178 -50.7887
TH_KNU1_A -46.2376 132.36 4.25729
TH_KNU1_B -30.6782 129.571 51.606
TH_KNU2_A -45.4383 132.558 -29.8284
TH_KNU3_A -30.3257 130.447 -47.5732
PALM_POSITION -21.3047 169.104 5.51099
PALM_NORMAL -0.0745619 -0.815475 -0.573969
