F4_KNU1_A -71.7634 208.07 -52.712
F4_KNU1_B -56.6833 188.818 -17.3889
F4_KNU2_A -80.1997 217.021 -73.5185
F4_KNU3_A -86.1038 222.252 -88.6745
F3_KNU1_A -45.2618 216.763 -60.1677
F3_KNU1_B -34.9713 192.228 -19.9753
F3_KNU2_A -51.5909 229.862 -84.601
F3_KNU3_A -55.9023 237.762 -101.098
F1_KNU1_A 9.94853 195.373 -51.3751
F1_KNU1_B 7.93212 183.068 -18.2875
F1_KNU2_A 10.1641 200.263 -70.3117
F1_KNU3_A 9.75506 203.262 -87.2806
F2_KNU1_A -20.1919 213.248 -56.0352
F2_KNU1_B -12.3312 189.974 -18.7147
F2_KNU2_A -25.4816 226.154 -79.9697
F2_KNU3_A -29.2656 234.001 -96.4982
TH_KNU1_A -54.1599 136.562 -6.11076
TH_KNU1_B -38.0127 132.871 40.9786
TH_KNU2_A -47.8141 136.93 -39.6086
TH_KNU3_A -25.4939 134.331 -46.1495
PALM_POSITION -27.644 173.966 -3.50906
PALM_NORMAL -0.045897 -0.797433 -0.60166
