F4_KNU1_A -74.7635 223.818 -41.0095
F4_KNU1_B -63.2196 197.957 -8.70236
F4_KNU2_A -81.5286 234.235 -61.7439
F4_KNU3_A -86.3154 238.646 -77.5409
F3_KNU1_A -49.0011 233.612 -48.4449
F3_KNU1_B -41.8462 201.531 -13.1901
F3_KNU2_A -54.4206 248.025 -72.351
F3_KNU3_A -58.6209 254.401 -89.5223
F1_KNU1_A -4.35805 194.119 -45.7919
F1_KNU1_B 1.56722 195.387 -10.9558
F1_KNU2_A -9.8365 186.171 -62.8026
F1_KNU3_A -15.5811 175.25 -74.8378
F2_KNU1_A -24.0683 229.993 -45.9112
F2_KNU1_B -19.0827 200.861 -12.4041
F2_KNU2_A -28.5345 244.034 -69.3696
F2_KNU3_A -32.3221 250.695 -86.41
TH_KNU1_A -57.7717 157.885 16.2306
TH_KNU1_B -39.3777 162.459 62.4096
TH_KNU2_A -61.2356 152.852 -17.3132
TH_KNU3_A -56.0678 148.208 -39.6616
PALM_POSITION -32.9138 189.249 7.49173
PALM_NORMAL -0.0158355 -0.939501 -0.342179
