F4_KNU1_A -70.7493 208.197 -44.7386
F4_KNU1_B -57.791 184.76 -11.1448
F4_KNU2_A -77.8959 217.79 -65.7414
F4_KNU3_A -82.7258 222.091 -81.5557
F3_KNU1_A -43.408 220.878 -51.9239
F3_KNU1_B -36.7508 190.143 -15.395
F3_KNU2_A -47.7288 236.15 -75.5189
F3_KNU3_A -50.7871 244.334 -92.1564
F1_KNU1_A -2.8255 171.038 -42.3646
F1_KNU1_B 7.00142 187.659 -12.743
F1_KNU2_A -8.1182 152.604 -46.2034
F1_KNU3_A -11.2181 136.328 -41.4501
F2_KNU1_A -17.1354 218.818 -49.506
F2_KNU1_B -14.0205 191.385 -14.3778
F2_KNU2_A -19.6739 232.632 -73.3832
F2_KNU3_A -21.7343 239.8 -90.5143
TH_KNU1_A -43.1326 148.048 11.5255
TH_KNU1_B -31.7496 150.993 60.0386
TH_KNU2_A -39.6691 144.288 -22.1847
TH_KNU3_A -23.816 140.29 -38.9306
PALM_POSITION -27.0212 178.54 5.31884
PALM_NORMAL 0.0666384 -0.935566 -0.346808
