F4_KNU1_A -60.8264 198.036 -43.7453
F4_KNU1_B -47.997 177.794 -8.08816
F4_KNU2_A -67.7824 205.489 -65.6604
F4_KNU3_A -72.3979 208.119 -81.8992
F3_KNU1_A -34.8549 211.233 -50.5037
F3_KNU1_B -26.91 183.138 -12.1525
F3_KNU2_A -39.9821 224.269 -75.2506
F3_KNU3_A -43.5757 230.549 -92.5935
F1_KNU1_A 20.0907 192.833 -41.7376
F1_KNU1_B 16.7962 181.057 -8.56018
F1_KNU2_A 17.6862 184.358 -59.2002
F1_KNU3_A 13.4013 169.186 -66.1689
F2_KNU1_A -8.65227 207.668 -48.7395
F2_KNU1_B -4.21145 184.572 -10.7511
F2_KNU2_A -12.17 217.18 -74.5184
F2_KNU3_A -14.932 220.462 -92.7033
TH_KNU1_A -40.071 141.079 18.3517
TH_KNU1_B -23.1482 147.164 64.9174
TH_KNU2_A -41.2315 135.439 -15.2541
TH_KNU3_A -20.6094 131.344 -25.5344
PALM_POSITION -17.5175 172.463 9.20644
PALM_NORMAL 0.0788679 -0.948601 -0.30649
