F4_KNU1_A -60.6025 207.146 -39.8854
F4_KNU1_B -51.1077 185.489 -4.01595
F4_KNU2_A -66.7833 210.694 -62.9812
F4_KNU3_A -71.1509 207.368 -79.1608
F3_KNU1_A -34.3152 216.028 -46.9804
F3_KNU1_B -29.5688 186.849 -8.91036
F3_KNU2_A -39.8217 224.643 -73.515
F3_KNU3_A -44.7403 224.371 -91.6498
F1_KNU1_A 23.4531 195.914 -34.6623
F1_KNU1_B 13.1877 177.182 -6.48446
F1_KNU2_A 26.8158 201.411 -53.129
F1_KNU3_A 27.6235 201.848 -70.3413
F2_KNU1_A -8.28622 211.287 -43.7943
F2_KNU1_B -6.93705 184.284 -8.22314
F2_KNU2_A -12.0512 220.572 -69.6207
F2_KNU3_A -16.205 221.547 -87.811
TH_KNU1_A -51.4153 150.531 24.7988
TH_KNU1_B -29.4411 153.703 69.5073
TH_KNU2_A -69.2062 149.529 -4.26985
TH_KNU3_A -82.0172 149.104 -23.8511
PALM_POSITION -21.4435 175.488 12.6135
PALM_NORMAL -0.100497 -0.958384 -0.267208
