F4_KNU1_A -59.4125 209.921 -38.923
F4_KNU1_B -49.9777 186.236 -4.34298
F4_KNU2_A -65.4379 216.379 -61.4217
F4_KNU3_A -69.7984 216.125 -77.9395
F3_KNU1_A -32.8838 218.713 -45.8992
F3_KNU1_B -28.4224 187.974 -9.04149
F3_KNU2_A -37.6766 230.057 -71.5308
F3_KNU3_A -41.9553 232.757 -89.6289
F1_KNU1_A 25.6318 198.011 -33.9946
F1_KNU1_B 14.4331 178.782 -6.51521
F1_KNU2_A 30.0948 204.757 -51.8025
F1_KNU3_A 32.3781 207.164 -68.717
F2_KNU1_A -6.98016 214.106 -42.6863
F2_KNU1_B -5.76589 185.674 -8.24217
F2_KNU2_A -10.0302 225.944 -67.5451
F2_KNU3_A -13.4198 229.771 -85.5162
TH_KNU1_A -60.0772 160.317 30.664
TH_KNU1_B -28.451 153.027 68.5904
TH_KNU2_A -79.5135 164.286 2.93339
TH_KNU3_A -93.8499 167.472 -15.2888
PALM_POSITION -20.3125 176.22 12.2758
PALM_NORMAL -0.0865374 -0.953115 -0.28997
