F4_KNU1_A -56.8055 205.668 -39.1833
F4_KNU1_B -47.6623 186.334 -1.92257
F4_KNU2_A -59.2248 191.654 -58.7266
F4_KNU3_A -57.6497 174.648 -59.2299
F3_KNU1_A -29.7131 211.268 -48.2582
F3_KNU1_B -26.0685 189.883 -5.21582
F3_KNU2_A -34.2749 194.258 -70.5845
F3_KNU3_A -35.9575 175.555 -69.8632
F1_KNU1_A 23.7372 183.274 -35.9026
F1_KNU1_B 17.135 183.21 -1.16534
F1_KNU2_A 18.5966 167.609 -46.4242
F1_KNU3_A 11.0461 152.564 -42.7152
F2_KNU1_A -5.33213 190.077 -47.9876
F2_KNU1_B -3.37593 188.95 -3.36512
F2_KNU2_A -10.5847 166.292 -61.1811
F2_KNU3_A -13.6915 148.804 -55.3845
TH_KNU1_A -59.6533 153.961 30.9216
TH_KNU1_B -27.5835 147.551 68.6337
TH_KNU2_A -73.6271 156.089 -0.106031
TH_KNU3_A -72.6428 154.776 -23.452
PALM_POSITION -18.2485 176.628 15.315
PALM_NORMAL -0.00671501 -0.923595 -0.38331
