F4_KNU1_A -51.2362 210.948 -42.2641
F4_KNU1_B -42.0454 196.63 -2.81424
F4_KNU2_A -51.3071 188.556 -51.3648
F4_KNU3_A -47.8827 177.289 -38.9855
F3_KNU1_A -27.8273 211.917 -48.5601
F3_KNU1_B -19.995 198.5 -2.93221
F3_KNU2_A -32.2819 184.942 -56.3797
F3_KNU3_A -30.5265 173.379 -41.6706
F1_KNU1_A 10.7772 162.946 -17.0224
F1_KNU1_B 21.6067 187.599 5.89551
F1_KNU2_A 3.02376 147.515 -7.83891
F1_KNU3_A -1.22923 139.904 7.03015
F2_KNU1_A -7.1835 161.479 -25.9243
F2_KNU1_B 2.09295 195.35 1.69858
F2_KNU2_A -12.6483 137.963 -12.3405
F2_KNU3_A -14.3551 129.168 4.05516
TH_KNU1_A -54.3176 148.091 19.3955
TH_KNU1_B -34.8272 149.818 65.3183
TH_KNU2_A -56.1752 144.524 -14.4621
TH_KNU3_A -41.7799 139.826 -32.3069
PALM_POSITION -16.0942 182.746 16.9417
PALM_NORMAL -0.0259033 -0.879687 -0.474847
