F4_KNU1_A -47.7348 207.557 -41.5917
F4_KNU1_B -39.7967 194.332 -1.49372
F4_KNU2_A -48.9431 184.861 -49.8145
F4_KNU3_A -46.2885 173.918 -36.9647
F3_KNU1_A -24.7231 206.222 -47.7126
F3_KNU1_B -17.6766 194.976 -1.37536
F3_KNU2_A -30.5127 179.139 -54.1639
F3_KNU3_A -29.435 168.119 -38.9809
F1_KNU1_A 10.3733 156.93 -12.7973
F1_KNU1_B 23.1462 182.148 8.44356
F1_KNU2_A 2.18792 141.12 -4.69919
F1_KNU3_A -2.71413 131.793 8.94235
F2_KNU1_A -6.86437 155.672 -21.6466
F2_KNU1_B 4.1454 190.795 3.68068
F2_KNU2_A -14.2043 131.958 -9.35194
F2_KNU3_A -17.3683 121.633 5.89561
TH_KNU1_A -54.4272 147.28 22.1571
TH_KNU1_B -36.0025 149.889 68.4766
TH_KNU2_A -56.4339 142.596 -11.5556
TH_KNU3_A -43.0293 136.528 -29.755
PALM_POSITION -14.8943 179.819 19.1401
PALM_NORMAL -0.0692479 -0.894779 -0.441108
