F4_KNU1_A -50.9035 181.298 -42.0862
F4_KNU1_B -38.7318 194.532 -3.06739
F4_KNU2_A -53.535 158.089 -35.8695
F4_KNU3_A -50.7653 151.741 -20.2508
F3_KNU1_A -35.5085 153.688 -27.8241
F3_KNU1_B -16.8663 191.286 -4.11423
F3_KNU2_A -43.2598 129.208 -15.6063
F3_KNU3_A -45.4814 117.707 -0.912077
F1_KNU1_A 2.99869 147.273 -11.5853
F1_KNU1_B 21.7278 172.369 4.83679
F1_KNU2_A -7.56991 133.814 -2.11481
F1_KNU3_A -13.9949 125.937 11.8058
F2_KNU1_A -14.1199 148.928 -20.8849
F2_KNU1_B 4.20777 183.782 0.223477
F2_KNU2_A -25.3959 127.17 -7.96772
F2_KNU3_A -30.429 117.346 7.10668
TH_KNU1_A -57.7743 149.559 25.2159
TH_KNU1_B -37.9814 156.253 70.5504
TH_KNU2_A -60.6322 140.195 -7.44363
TH_KNU3_A -42.3607 129.654 -17.5815
PALM_POSITION -15.367 177.684 17.5904
PALM_NORMAL -0.249586 -0.903025 -0.349647
