F4_KNU1_A -51.0162 162.605 -29.5477
F4_KNU1_B -40.7939 194.178 -2.26458
F4_KNU2_A -52.0707 139.333 -23.1025
F4_KNU3_A -50.5847 127.043 -11.3271
F3_KNU1_A -34.097 159.019 -34.5006
F3_KNU1_B -18.7635 192.292 -3.17806
F3_KNU2_A -41.5013 132.756 -26.4982
F3_KNU3_A -43.7487 119.896 -12.9813
F1_KNU1_A 6.51175 152.133 -16.4588
F1_KNU1_B 20.8454 175.602 5.76804
F1_KNU2_A -4.67689 136.873 -11.5081
F1_KNU3_A -12.8896 126.717 -0.26026
F2_KNU1_A -11.467 153.827 -26.3606
F2_KNU1_B 2.6962 186.008 1.20809
F2_KNU2_A -22.4561 129.739 -18.2091
F2_KNU3_A -28.0442 117.761 -5.0036
TH_KNU1_A -61.524 148.897 26.8617
TH_KNU1_B -38.2675 154.656 70.6537
TH_KNU2_A -65.627 140.324 -5.88238
TH_KNU3_A -47.4946 131.024 -17.3918
PALM_POSITION -16.6014 178.406 18.2897
PALM_NORMAL -0.191221 -0.909922 -0.368072
