F4_KNU1_A -59.0652 185.552 -67.3939
F4_KNU1_B -50.3772 170.399 -30.1164
F4_KNU2_A -64.7013 186.115 -89.851
F4_KNU3_A -68.7392 181.3 -104.969
F3_KNU1_A -31.7988 192.399 -75.5384
F3_KNU1_B -29.6727 171.017 -34.6549
F3_KNU2_A -35.3735 196.328 -102.264
F3_KNU3_A -38.9361 193.182 -119.632
F1_KNU1_A 22.0161 173.12 -60.3838
F1_KNU1_B 11.3495 163.027 -29.85
F1_KNU2_A 25.0805 171.882 -78.8316
F1_KNU3_A 25.1035 165.43 -94.0357
F2_KNU1_A -5.7393 188.217 -71.3966
F2_KNU1_B -7.97603 169.064 -33.1724
F2_KNU2_A -7.0291 191.601 -97.6927
F2_KNU3_A -9.51241 188.197 -115.093
TH_KNU1_A -67.3707 162.707 15.7647
TH_KNU1_B -30.5546 155.315 45.3923
TH_KNU2_A -88.4158 164.546 -9.1571
TH_KNU3_A -106.59 168.857 -21.5679
PALM_POSITION -22.1401 164.699 -12.1199
PALM_NORMAL -0.0849029 -0.994157 -0.0666643
