F4_KNU1_A -53.8692 162.223 -37.3146
F4_KNU1_B -41.2477 187.156 -4.68319
F4_KNU2_A -52.0685 138.915 -31.1745
F4_KNU3_A -47.3241 129.316 -17.8602
F3_KNU1_A -29.4957 159.669 -44.0328
F3_KNU1_B -19.1383 186.807 -5.56874
F3_KNU2_A -35.5396 133.561 -34.5209
F3_KNU3_A -36.4585 124.732 -17.9573
F1_KNU1_A 18.0613 153 -25.0464
F1_KNU1_B 21.5429 173.195 3.76915
F1_KNU2_A 6.21947 138.09 -20.5761
F1_KNU3_A -2.66074 132.275 -6.99502
F2_KNU1_A -5.35018 157.201 -37.2057
F2_KNU1_B 2.70787 182.171 -1.04176
F2_KNU2_A -14.7401 132.654 -28.4502
F2_KNU3_A -18.3917 124.259 -12.1624
TH_KNU1_A -62.3829 143.162 27.3844
TH_KNU1_B -35.999 149.817 69.2337
TH_KNU2_A -65.5516 133.604 -5.19052
TH_KNU3_A -45.8755 125.538 -14.9639
PALM_POSITION -16.0193 173.671 16.2501
PALM_NORMAL -0.126142 -0.930403 -0.344148
