F4_KNU1_A -60.0185 165.05 -52.8179
F4_KNU1_B -45.6907 173.673 -13.2437
F4_KNU2_A -59.7 140.895 -53.6212
F4_KNU3_A -54.6529 131.094 -40.5684
F3_KNU1_A -28.2127 167.084 -62.14
F3_KNU1_B -23.6979 175.496 -14.8947
F3_KNU2_A -32.9003 139.083 -63.7638
F3_KNU3_A -33.7502 127.795 -48.7645
F1_KNU1_A 29.9236 152.989 -35.1333
F1_KNU1_B 18.4096 167.782 -5.15227
F1_KNU2_A 24.9439 135.255 -41.7087
F1_KNU3_A 15.304 121.523 -37.7569
F2_KNU1_A -0.651783 158.495 -52.4766
F2_KNU1_B -1.3864 173.907 -10.5455
F2_KNU2_A -6.53497 132.178 -58.8151
F2_KNU3_A -11.4405 116.21 -50.4451
TH_KNU1_A -67.9673 140.152 28.8589
TH_KNU1_B -34.8524 148.84 65.1866
TH_KNU2_A -68.9208 127.192 -2.66279
TH_KNU3_A -55.5948 117.628 -19.3566
PALM_POSITION -18.709 166.251 8.51464
PALM_NORMAL -0.0316625 -0.980132 -0.195803
