F4_KNU1_A -54.8777 167.292 -59.0336
F4_KNU1_B -46.2604 164.781 -17.0193
F4_KNU2_A -57.774 149.737 -75.3929
F4_KNU3_A -57.5398 132.678 -76.3175
F3_KNU1_A -24.0766 168.307 -67.1016
F3_KNU1_B -24.3126 166.878 -18.923
F3_KNU2_A -27.2246 147.285 -85.9908
F3_KNU3_A -30.0142 128.705 -86.3545
F1_KNU1_A 33.8915 149.613 -39.079
F1_KNU1_B 17.9872 160.126 -9.29982
F1_KNU2_A 35.3821 134.577 -51.4991
F1_KNU3_A 31.3744 118.649 -56.7268
F2_KNU1_A 2.53001 156.762 -58.2523
F2_KNU1_B -1.94412 165.769 -14.7195
F2_KNU2_A 0.56788 136.213 -76.7271
F2_KNU3_A -2.85846 118.414 -81.2598
TH_KNU1_A -69.5717 137.639 27.0474
TH_KNU1_B -34.3948 142.743 62.0946
TH_KNU2_A -76.8674 127.316 -4.61849
TH_KNU3_A -79.427 119.582 -26.5584
PALM_POSITION -18.9893 158.494 4.73584
PALM_NORMAL -0.0182865 -0.986482 -0.162843
