F4_KNU1_A -53.886 173.065 -53.1023
F4_KNU1_B -44.271 169.277 -14.5005
F4_KNU2_A -59.252 169.84 -74.695
F4_KNU3_A -62.8724 164.702 -89.291
F3_KNU1_A -24.7971 175.88 -60.3694
F3_KNU1_B -23.7541 170.142 -15.9169
F3_KNU2_A -26.9647 171.904 -86.4288
F3_KNU3_A -29.1285 165.57 -102.576
F1_KNU1_A 30.9712 157.493 -36.7851
F1_KNU1_B 14.9957 159.872 -8.1352
F1_KNU2_A 36.566 151.163 -52.897
F1_KNU3_A 38.8508 142.503 -66.1947
F2_KNU1_A 0.943707 170.107 -53.4824
F2_KNU1_B -3.10462 167.102 -12.231
F2_KNU2_A 1.00972 164.373 -78.6031
F2_KNU3_A -0.239147 156.754 -94.1725
TH_KNU1_A -70.1482 137.3 23.8348
TH_KNU1_B -35.4172 136.108 54.6265
TH_KNU2_A -85.3932 134.312 -3.81345
TH_KNU3_A -100.487 134.257 -19.4992
PALM_POSITION -19.5676 158.474 4.47691
PALM_NORMAL -0.0806357 -0.942113 -0.325456
