F4_KNU1_A -56.8019 174.372 -50.3583
F4_KNU1_B -47.3238 165.412 -12.5857
F4_KNU2_A -62.1991 175.814 -72.1351
F4_KNU3_A -65.9783 174.756 -87.5349
F3_KNU1_A -28.2858 177.682 -58.2901
F3_KNU1_B -26.9066 166.749 -14.8324
F3_KNU2_A -30.0828 179.284 -84.6303
F3_KNU3_A -31.772 177.684 -101.954
F1_KNU1_A 26.0935 160.91 -38.4023
F1_KNU1_B 12.3469 157.279 -8.74531
F1_KNU2_A 32.0193 159.593 -55.5522
F1_KNU3_A 35.871 156.087 -70.7152
F2_KNU1_A -3.26265 173.399 -52.4416
F2_KNU1_B -6.06109 164.138 -12.0251
F2_KNU2_A -2.96297 174.143 -78.1959
F2_KNU3_A -3.55739 171.878 -95.4161
TH_KNU1_A -70.6291 143.39 28.476
TH_KNU1_B -34.9061 131.833 55.7909
TH_KNU2_A -89.9732 148.986 3.97594
TH_KNU3_A -105.542 153.852 -10.4394
PALM_POSITION -21.629 154.995 5.25705
PALM_NORMAL -0.0732444 -0.940733 -0.331144
