F4_KNU1_A -57.5131 177.741 -32.0293
F4_KNU1_B -46.1875 154.795 -1.33551
F4_KNU2_A -64.1677 189.359 -50.0895
F4_KNU3_A -69.0273 196.748 -63.2933
F3_KNU1_A -29.3143 180.512 -41.2076
F3_KNU1_B -25.851 154.988 -4.51154
F3_KNU2_A -32.1273 193.52 -64.065
F3_KNU3_A -34.4159 200.875 -79.7556
F1_KNU1_A 24.1039 156.009 -29.5458
F1_KNU1_B 12.7709 141.954 -2.05535
F1_KNU2_A 29.4765 162.307 -45.7454
F1_KNU3_A 33.4888 166.69 -60.6364
F2_KNU1_A -4.47756 174.865 -36.9517
F2_KNU1_B -5.16994 150.515 -3.28186
F2_KNU2_A -4.83821 188.278 -58.9495
F2_KNU3_A -5.54681 196.276 -74.3624
TH_KNU1_A -68.1253 130.69 37.2794
TH_KNU1_B -33.3693 110.748 60.7338
TH_KNU2_A -88.7245 143.168 16.646
TH_KNU3_A -103.604 152.015 3.44651
PALM_POSITION -20.611 140.068 13.3634
PALM_NORMAL -0.161933 -0.874319 -0.457541
