F4_KNU1_A -53.4605 187.477 -29.651
F4_KNU1_B -44.184 154.382 -9.26569
F4_KNU2_A -59.073 204.744 -42.9095
F4_KNU3_A -63.2587 215.968 -53.3525
F3_KNU1_A -25.7955 193.632 -33.1203
F3_KNU1_B -23.6399 155.078 -10.3402
F3_KNU2_A -27.881 214.854 -48.7696
F3_KNU3_A -29.742 227.808 -60.3564
F1_KNU1_A 25.715 167.398 -23.9767
F1_KNU1_B 14.7288 141.53 -6.89219
F1_KNU2_A 31.03 180.74 -35.1439
F1_KNU3_A 35.0467 191.584 -46.2489
F2_KNU1_A -0.430284 186.448 -28.372
F2_KNU1_B -3.11853 150.292 -8.05841
F2_KNU2_A 0.488588 207.733 -42.8645
F2_KNU3_A 0.635255 221.275 -53.7562
TH_KNU1_A -68.0783 126.805 24.0433
TH_KNU1_B -36.8576 98.3306 43.2861
TH_KNU2_A -84.1598 146.067 4.64951
TH_KNU3_A -96.2504 159.411 -7.58307
PALM_POSITION -19.96 136.738 4.48162
PALM_NORMAL -0.105649 -0.759256 -0.642159
