F4_KNU1_A -60.5026 130.897 -59.8847
F4_KNU1_B -51.5171 140.531 -22.1577
F4_KNU2_A -65.6225 124.056 -80.6797
F4_KNU3_A -69.2674 118.407 -95.0797
F3_KNU1_A -29.278 129.744 -66.4484
F3_KNU1_B -30.9642 141.128 -23.1172
F3_KNU2_A -28.7359 120.872 -91.3601
F3_KNU3_A -28.6285 113.857 -107.369
F1_KNU1_A 19.7644 129.51 -39.2668
F1_KNU1_B 7.4751 137.489 -9.82195
F1_KNU2_A 25.8781 123.463 -55.2988
F1_KNU3_A 30.7233 116.973 -69.1353
F2_KNU1_A -4.83746 130.678 -57.5389
F2_KNU1_B -10.4766 141.03 -17.6872
F2_KNU2_A -1.95262 122.082 -81.6576
F2_KNU3_A -0.362715 115.097 -97.4911
TH_KNU1_A -78.4967 145.176 21.8922
TH_KNU1_B -45.4886 148.222 54.4034
TH_KNU2_A -97.0738 139.379 -3.14878
TH_KNU3_A -114.078 139.724 -16.736
PALM_POSITION -27.5998 141.831 0.500098
PALM_NORMAL -0.0597308 -0.976358 0.207743
