F4_KNU1_A -55.915 106.189 -51.0738
F4_KNU1_B -48.1271 127.423 -18.129
F4_KNU2_A -60.2774 92.9578 -68.7187
F4_KNU3_A -63.3397 82.9109 -80.645
F3_KNU1_A -24.57 104.996 -57.1549
F3_KNU1_B -27.6054 128.63 -19.1779
F3_KNU2_A -23.1459 89.2463 -78.3566
F3_KNU3_A -22.4057 77.9246 -91.653
F1_KNU1_A 23.0251 114.638 -32.1254
F1_KNU1_B 10.8243 129.403 -5.38881
F1_KNU2_A 29.2664 105.26 -46.4102
F1_KNU3_A 34.3741 96.1534 -58.577
F2_KNU1_A -0.441246 108.126 -48.205
F2_KNU1_B -7.17989 130.494 -13.8338
F2_KNU2_A 3.15889 92.3329 -68.2433
F2_KNU3_A 5.25868 80.7026 -80.985
TH_KNU1_A -75.6881 138.964 24.4014
TH_KNU1_B -43.1005 151.209 55.1242
TH_KNU2_A -95.5459 128.13 2.17375
TH_KNU3_A -113.518 126.032 -9.92852
PALM_POSITION -24.486 134.398 3.76969
PALM_NORMAL -0.0233762 -0.912812 0.407712
