F4_KNU1_A -56.5567 105.165 -45.115
F4_KNU1_B -49.2659 131.92 -16.3414
F4_KNU2_A -60.582 88.7576 -59.9482
F4_KNU3_A -63.3689 76.4511 -69.6096
F3_KNU1_A -25.3708 105.09 -52.2638
F3_KNU1_B -28.796 133.536 -17.78
F3_KNU2_A -23.7412 86.202 -70.708
F3_KNU3_A -22.886 72.6868 -81.7594
F1_KNU1_A 22.9312 119.123 -28.2032
F1_KNU1_B 9.64293 137.915 -4.70899
F1_KNU2_A 29.7985 107.561 -40.4559
F1_KNU3_A 35.4704 96.5738 -50.6618
F2_KNU1_A -0.967245 110.051 -43.8459
F2_KNU1_B -8.41848 136.937 -13.045
F2_KNU2_A 3.07807 91.4027 -61.161
F2_KNU3_A 5.46903 77.8442 -71.7663
TH_KNU1_A -77.8207 152.359 23.2094
TH_KNU1_B -44.7062 168.559 51.4368
TH_KNU2_A -98.1698 138.768 3.03572
TH_KNU3_A -116.243 134.933 -8.4763
PALM_POSITION -25.7711 143.404 3.73872
PALM_NORMAL 0.00667028 -0.825501 0.564361
