F4_KNU1_A -61.0079 187.276 -60.5924
F4_KNU1_B -49.6318 169.02 -25.492
F4_KNU2_A -67.8907 195.318 -81.1922
F4_KNU3_A -73.0227 199.497 -96.1664
F3_KNU1_A -31.3691 171.058 -74.912
F3_KNU1_B -28.694 169.039 -28.8476
F3_KNU2_A -34.0119 167.844 -101.84
F3_KNU3_A -36.3015 163.366 -119.13
F1_KNU1_A 20.5453 163.909 -54.5362
F1_KNU1_B 11.6725 159.257 -22.1697
F1_KNU2_A 24.0847 163.668 -72.9388
F1_KNU3_A 26.1031 161.341 -89.1655
F2_KNU1_A -2.12994 167.969 -68.7379
F2_KNU1_B -7.20161 166.182 -26.2645
F2_KNU2_A -0.384847 164.716 -95.0242
F2_KNU3_A -0.0180903 160.128 -112.326
TH_KNU1_A -69.6203 160.155 19.204
TH_KNU1_B -34.6952 149.792 50.1993
TH_KNU2_A -91.6219 165.787 -4.28186
TH_KNU3_A -109.82 172.262 -15.676
PALM_POSITION -22.6889 161.424 -6.2546
PALM_NORMAL -0.116889 -0.986103 -0.11806
