F4_KNU1_A -55.0169 117.788 -51.9267
F4_KNU1_B -47.3568 135.124 -16.746
F4_KNU2_A -59.3659 105.24 -70.0675
F4_KNU3_A -62.4122 94.8018 -81.6569
F3_KNU1_A -24.2332 118.473 -59.0764
F3_KNU1_B -26.8707 136.564 -18.1404
F3_KNU2_A -23.2987 103.884 -81.1194
F3_KNU3_A -23.0596 92.1847 -94.1038
F1_KNU1_A 23.7416 128.177 -33.0454
F1_KNU1_B 11.6041 140.24 -4.95872
F1_KNU2_A 29.6067 118.884 -47.5438
F1_KNU3_A 34.0069 108.842 -59.2418
F2_KNU1_A 0.24054 122.372 -50.5201
F2_KNU1_B -6.4621 139.645 -13.3204
F2_KNU2_A 3.50231 107.644 -71.4096
F2_KNU3_A 5.11341 95.5965 -83.8312
TH_KNU1_A -75.0444 154.639 22.6421
TH_KNU1_B -42.4587 170.093 51.8853
TH_KNU2_A -94.9686 141.543 1.73131
TH_KNU3_A -112.903 138.137 -10.1281
PALM_POSITION -23.7565 145.887 3.60771
PALM_NORMAL -0.00202089 -0.838708 0.544577
