F4_KNU1_A -61.0247 138.82 -58.8151
F4_KNU1_B -51.5697 146.954 -20.8501
F4_KNU2_A -66.5233 129.915 -78.7124
F4_KNU3_A -70.387 121.092 -91.3529
F3_KNU1_A -30.4708 140.479 -67.1435
F3_KNU1_B -31.1204 148.007 -22.9514
F3_KNU2_A -30.9966 130.346 -91.5698
F3_KNU3_A -31.878 120.51 -105.992
F1_KNU1_A 18.2384 143.452 -41.8956
F1_KNU1_B 7.95613 148.841 -11.1233
F1_KNU2_A 22.7256 136.645 -58.1588
F1_KNU3_A 25.5542 127.86 -71.269
F2_KNU1_A -5.88544 142.283 -59.2864
F2_KNU1_B -10.4431 149.859 -18.6792
F2_KNU2_A -4.28585 131.81 -82.7741
F2_KNU3_A -4.0116 121.553 -96.8006
TH_KNU1_A -76.6069 162.074 21.4335
TH_KNU1_B -42.7501 172.326 51.5068
TH_KNU2_A -97.535 152.658 -0.454876
TH_KNU3_A -115.926 151.519 -12.0454
PALM_POSITION -26.8236 154.262 -0.324044
PALM_NORMAL -0.00767647 -0.903377 0.428778
