F4_KNU1_A -58.6447 144.942 -61.7017
F4_KNU1_B -48.8507 149.115 -23.1846
F4_KNU2_A -64.4655 137.672 -82.164
F4_KNU3_A -68.5983 129.619 -95.2261
F3_KNU1_A -28.0882 146.693 -70.0488
F3_KNU1_B -28.3921 149.854 -25.3281
F3_KNU2_A -29.0633 138.416 -95.1513
F3_KNU3_A -30.3729 129.357 -110.042
F1_KNU1_A 20.4289 146.676 -45.0978
F1_KNU1_B 10.7486 148.766 -13.7351
F1_KNU2_A 24.2824 141.083 -61.975
F1_KNU3_A 26.2784 132.886 -75.6083
F2_KNU1_A -3.67319 147.946 -62.3202
F2_KNU1_B -7.656 150.85 -21.0552
F2_KNU2_A -2.71237 139.672 -86.7038
F2_KNU3_A -3.03617 130.426 -101.415
TH_KNU1_A -73.2155 160.929 20.342
TH_KNU1_B -39.0775 168.116 50.9808
TH_KNU2_A -94.1912 153.481 -2.24798
TH_KNU3_A -112.674 153.69 -13.7465
PALM_POSITION -23.8382 154.087 -2.28604
PALM_NORMAL -0.0275339 -0.935703 0.351712
