F4_KNU1_A -33.5142 173.665 -64.4659
F4_KNU1_B -26.8476 162.799 -26.5926
F4_KNU2_A -38.2818 178.704 -85.8507
F4_KNU3_A -42.2599 181.6 -100.962
F3_KNU1_A -9.9381 153.634 -73.1784
F3_KNU1_B -10.3526 150.627 -28.4481
F3_KNU2_A -11.4838 153.917 -99.5816
F3_KNU3_A -13.5108 153.26 -116.931
F1_KNU1_A 21.8211 113.429 -49.6723
F1_KNU1_B 16.0989 121.238 -18.2402
F1_KNU2_A 22.4691 107.811 -66.9632
F1_KNU3_A 21.2064 102.007 -81.8553
F2_KNU1_A 7.4269 136.846 -65.712
F2_KNU1_B 5.04389 136.687 -24.2222
F2_KNU2_A 6.80801 135.412 -91.4314
F2_KNU3_A 5.19425 133.576 -108.637
TH_KNU1_A -47.0749 176.923 19.3035
TH_KNU1_B -24.8 149.469 49.4022
TH_KNU2_A -61.7639 193.102 -3.67978
TH_KNU3_A -72.1633 205.728 -18.0438
PALM_POSITION -9.57847 144.316 -5.44446
PALM_NORMAL -0.670197 -0.742156 -0.00636816
