F4_KNU1_A -27.5355 182.863 -65.2303
F4_KNU1_B -23.6042 169.776 -27.678
F4_KNU2_A -31.6074 188.725 -86.5493
F4_KNU3_A -35.6159 191.895 -101.597
F3_KNU1_A -5.70078 160.599 -73.9686
F3_KNU1_B -8.64665 155.753 -29.4955
F3_KNU2_A -7.0144 161.49 -100.371
F3_KNU3_A -9.63629 160.929 -117.643
F1_KNU1_A 19.0961 117.529 -51.0428
F1_KNU1_B 14.3381 123.647 -19.0798
F1_KNU2_A 17.9247 112.707 -68.5453
F1_KNU3_A 14.1405 107.564 -83.2515
F2_KNU1_A 8.96403 143.527 -66.4375
F2_KNU1_B 5.07976 140.185 -25.1962
F2_KNU2_A 8.09147 143.784 -92.1883
F2_KNU3_A 5.58522 142.888 -109.362
TH_KNU1_A -41.0727 185.802 16.9455
TH_KNU1_B -22.3096 157.362 48.4882
TH_KNU2_A -53.8387 204.564 -5.20739
TH_KNU3_A -62.6486 218.096 -19.807
PALM_POSITION -8.36443 149.717 -6.407
PALM_NORMAL -0.75149 -0.659656 0.0107689
