F4_KNU1_A -40.2665 183.297 -57.8416
F4_KNU1_B -23.3304 175.246 -22.5536
F4_KNU2_A -58.6695 170.748 -60.8912
F4_KNU3_A -64.7772 159.968 -50.9394
F3_KNU1_A -3.74309 179.391 -67.8435
F3_KNU1_B -9.73616 160.626 -27.5696
F3_KNU2_A -13.8814 183.329 -91.9538
F3_KNU3_A -26.8914 180.824 -103.355
F1_KNU1_A 14.5641 133.369 -55.9591
F1_KNU1_B 10.4589 125.28 -24.3457
F1_KNU2_A 5.70282 134.339 -71.818
F1_KNU3_A -8.01362 132.219 -79.8438
F2_KNU1_A 11.193 156.159 -65.4513
F2_KNU1_B 2.61201 143.415 -26.8372
F2_KNU2_A 2.61776 157.823 -89.6923
F2_KNU3_A -9.98922 154.75 -101.253
TH_KNU1_A -44.3388 158.23 10.4527
TH_KNU1_B -21.68 148.218 49.7228
TH_KNU2_A -58.2795 160.16 -17.9673
TH_KNU3_A -67.9417 161.753 -37.4091
PALM_POSITION -9.55048 150.221 -6.09177
PALM_NORMAL -0.807544 -0.58314 -0.0884306
