F4_KNU1_A -14.0308 191.238 -55.0407
F4_KNU1_B -17.6665 170.603 -21.0131
F4_KNU2_A -21.8484 196.242 -75.5173
F4_KNU3_A -32.4152 194.61 -87.2747
F3_KNU1_A -2.52334 171.142 -68.2538
F3_KNU1_B -4.56172 155.617 -26.2438
F3_KNU2_A -15.9222 172.334 -91.0276
F3_KNU3_A -30.4072 168.178 -99.8842
F1_KNU1_A 20.4533 126.603 -55.1184
F1_KNU1_B 14.4214 119.561 -23.5635
F1_KNU2_A 12.5196 127.504 -71.465
F1_KNU3_A -0.837719 125.712 -80.1492
F2_KNU1_A 14.7188 149.979 -64.8452
F2_KNU1_B 7.19682 137.989 -25.7715
F2_KNU2_A 5.47332 151.559 -88.8443
F2_KNU3_A -7.41984 148.742 -100.152
TH_KNU1_A -40.8702 152.622 12.2736
TH_KNU1_B -17.0974 142.36 50.8136
TH_KNU2_A -56.6217 157.863 -14.7485
TH_KNU3_A -67.4709 161.589 -33.2494
PALM_POSITION -4.7773 144.863 -4.93903
PALM_NORMAL -0.826557 -0.554006 -0.0994053
