F4_KNU1_A -13.6407 195.191 -51.1975
F4_KNU1_B -7.91242 182.861 -13.6205
F4_KNU2_A -21.9274 196.952 -72.0222
F4_KNU3_A -30.0808 195.357 -85.5697
F3_KNU1_A 0.0277175 182.756 -62.7271
F3_KNU1_B 6.88843 170.181 -20.2439
F3_KNU2_A -11.8088 184.335 -86.328
F3_KNU3_A -22.795 182.379 -99.7817
F1_KNU1_A 23.1938 133.426 -56.9325
F1_KNU1_B 27.3529 135.082 -24.3495
F1_KNU2_A 10.7479 130.051 -69.7651
F1_KNU3_A -3.94795 126.253 -74.9278
F2_KNU1_A 9.97181 158.471 -62.6704
F2_KNU1_B 19.4787 153.287 -22.5475
F2_KNU2_A -7.80913 153.664 -80.6887
F2_KNU3_A -22.8232 147.25 -86.644
TH_KNU1_A -38.0219 148.04 5.53269
TH_KNU1_B -18.9037 134.708 45.6892
TH_KNU2_A -45.6628 148.704 -25.2397
TH_KNU3_A -51.5573 150.114 -46.1477
PALM_POSITION 3.40676 153.625 -3.41105
PALM_NORMAL -0.755532 -0.50638 -0.415633
