F4_KNU1_A -16.4173 192.564 -52.4169
F4_KNU1_B -8.07391 180.372 -15.2868
F4_KNU2_A -24.503 195.779 -73.1466
F4_KNU3_A -31.7776 196.121 -87.2718
F3_KNU1_A -2.96992 178.383 -65.0608
F3_KNU1_B 6.87234 168.208 -22.5211
F3_KNU2_A -13.7774 180.573 -89.1024
F3_KNU3_A -23.0246 180.17 -103.93
F1_KNU1_A 20.1718 131.243 -60.7215
F1_KNU1_B 27.4816 133.506 -28.7349
F1_KNU2_A 4.23028 127.381 -68.5905
F1_KNU3_A -11.2333 123.807 -66.3209
F2_KNU1_A 1.2632 160.237 -62.0832
F2_KNU1_B 19.5378 151.53 -25.788
F2_KNU2_A -21.2265 151.174 -70.802
F2_KNU3_A -34.8426 140.92 -67.4148
TH_KNU1_A -38.0901 146.224 1.47346
TH_KNU1_B -20.0515 128.113 40.2342
TH_KNU2_A -39.9519 142.804 -30.0004
TH_KNU3_A -36.3414 133.923 -49.5444
PALM_POSITION 3.1168 150.493 -6.97588
PALM_NORMAL -0.746723 -0.476098 -0.464474
