F4_KNU1_A -16.2018 191.883 -51.1558
F4_KNU1_B -4.97173 182.874 -13.8782
F4_KNU2_A -23.2468 196.196 -72.0653
F4_KNU3_A -28.576 198.871 -86.7964
F3_KNU1_A -4.40915 177.06 -62.2981
F3_KNU1_B 9.64199 169.894 -20.331
F3_KNU2_A -14.1523 180.211 -86.6853
F3_KNU3_A -21.2244 181.806 -102.59
F1_KNU1_A 22.494 132.526 -56.9586
F1_KNU1_B 29.0508 134.241 -24.7754
F1_KNU2_A 8.2148 129.407 -67.7914
F1_KNU3_A -7.28387 126.12 -70.2467
F2_KNU1_A 12.3307 156.775 -62.9611
F2_KNU1_B 21.7334 152.647 -22.6914
F2_KNU2_A -6.69927 151.102 -79.3807
F2_KNU3_A -22.27 144.383 -83.1797
TH_KNU1_A -39.0491 151.649 5.23209
TH_KNU1_B -19.9393 133.324 43.3741
TH_KNU2_A -41.9171 148.101 -26.1518
TH_KNU3_A -40.3265 140.78 -46.5907
PALM_POSITION 4.93419 152.956 -4.1896
PALM_NORMAL -0.755159 -0.466373 -0.460686
