F4_KNU1_A -15.8949 192.877 -50.5542
F4_KNU1_B -5.36804 183.636 -13.1286
F4_KNU2_A -22.5911 197.305 -71.554
F4_KNU3_A -27.7023 200.047 -86.3497
F3_KNU1_A -1.71138 177.251 -62.654
F3_KNU1_B 9.08057 170.512 -19.6639
F3_KNU2_A -9.53868 180.256 -87.7399
F3_KNU3_A -15.3724 181.788 -104.146
F1_KNU1_A 24.1993 133.121 -56.5023
F1_KNU1_B 28.3149 134.741 -23.912
F1_KNU2_A 12.2764 130.323 -69.9553
F1_KNU3_A -2.06709 127.185 -76.3949
F2_KNU1_A 14.0591 157.909 -62.6737
F2_KNU1_B 21.0826 153.198 -21.985
F2_KNU2_A -2.48515 153.914 -82.0193
F2_KNU3_A -17.235 148.399 -89.3716
TH_KNU1_A -40.1693 150.126 6.61036
TH_KNU1_B -19.2577 135.084 45.2397
TH_KNU2_A -47.2501 149.353 -24.2932
TH_KNU3_A -52.5906 149.496 -45.3962
PALM_POSITION 4.67027 153.858 -3.14825
PALM_NORMAL -0.765545 -0.472055 -0.437155
