F4_KNU1_A -17.3333 191.138 -49.269
F4_KNU1_B -8.0775 180.672 -11.83
F4_KNU2_A -23.633 195.921 -70.3137
F4_KNU3_A -28.6341 198.722 -85.1359
F3_KNU1_A -0.829711 176.975 -61.8629
F3_KNU1_B 6.66725 167.995 -18.5826
F3_KNU2_A -7.31972 180.873 -87.2062
F3_KNU3_A -12.5878 182.754 -103.766
F1_KNU1_A 26.277 133.027 -55.6788
F1_KNU1_B 27.1484 132.92 -22.8014
F1_KNU2_A 16.4222 130.601 -70.7772
F1_KNU3_A 3.30447 127.254 -79.3662
F2_KNU1_A 17.6998 158.92 -61.7628
F2_KNU1_B 19.2614 151.116 -20.9735
F2_KNU2_A 5.45142 157.374 -84.3795
F2_KNU3_A -7.2109 153.194 -95.5246
TH_KNU1_A -41.4039 146.35 9.91054
TH_KNU1_B -18.2647 132.724 47.7878
TH_KNU2_A -52.979 149.24 -19.4736
TH_KNU3_A -63.9229 155.787 -37.1157
PALM_POSITION 3.41934 151.496 -1.64716
PALM_NORMAL -0.759484 -0.509364 -0.404638
