F4_KNU1_A -15.7095 193.582 -48.2951
F4_KNU1_B -9.57945 178.213 -11.9206
F4_KNU2_A -21.2002 200.393 -69.0051
F4_KNU3_A -26.1708 204.14 -83.6272
F3_KNU1_A 4.90876 180.297 -60.8273
F3_KNU1_B 4.81221 165.12 -18.6412
F3_KNU2_A 2.69517 187.938 -86.0528
F3_KNU3_A 0.0278717 192.246 -102.781
F1_KNU1_A 25.8678 132.554 -54.5495
F1_KNU1_B 25.0775 129.807 -21.7848
F1_KNU2_A 23.3894 133.238 -72.5594
F1_KNU3_A 19.2764 133.265 -88.0555
F2_KNU1_A 17.9284 158.969 -60.7589
F2_KNU1_B 17.2806 148.099 -20.6525
F2_KNU2_A 15.7848 164.46 -85.8425
F2_KNU3_A 12.9819 167.458 -102.73
TH_KNU1_A -41.7644 146.497 13.8956
TH_KNU1_B -16.691 133.944 50.9029
TH_KNU2_A -56.922 151.555 -13.4983
TH_KNU3_A -69.3662 158.818 -29.816
PALM_POSITION 2.44049 149.672 -0.604616
PALM_NORMAL -0.778698 -0.530901 -0.334326
