F4_KNU1_A -16.0939 193.813 -48.333
F4_KNU1_B -10.9185 177.45 -12.2446
F4_KNU2_A -21.3485 200.867 -69.0228
F4_KNU3_A -26.3319 204.565 -83.6531
F3_KNU1_A 5.31322 180.308 -60.4813
F3_KNU1_B 3.83339 164.547 -18.5358
F3_KNU2_A 3.40926 187.933 -85.7365
F3_KNU3_A 0.652307 192.002 -102.51
F1_KNU1_A 28.8654 132.499 -53.1295
F1_KNU1_B 25.0176 129.696 -20.5868
F1_KNU2_A 27.8995 133.094 -71.2866
F1_KNU3_A 24.907 132.938 -87.0367
F2_KNU1_A 19.5879 161.246 -59.2332
F2_KNU1_B 16.7458 147.804 -20.0116
F2_KNU2_A 18.4079 168.1 -84.0437
F2_KNU3_A 15.9901 171.844 -100.841
TH_KNU1_A -43.3619 147.573 15.6796
TH_KNU1_B -17.1304 134.851 51.8163
TH_KNU2_A -60.3061 154.457 -10.2293
TH_KNU3_A -73.9089 163.227 -24.7869
PALM_POSITION 1.79094 149.571 -0.0653881
PALM_NORMAL -0.763379 -0.560411 -0.321235
