F4_KNU1_A -15.2852 196.076 -48.4578
F4_KNU1_B -12.1848 176.568 -13.7199
F4_KNU2_A -19.7994 204.668 -68.737
F4_KNU3_A -24.5454 209.219 -83.2047
F3_KNU1_A 7.53186 183.828 -59.9055
F3_KNU1_B 2.59428 163.751 -20.1239
F3_KNU2_A 7.14706 193.846 -84.3819
F3_KNU3_A 5.02262 199.312 -100.848
F1_KNU1_A 30.4282 132.739 -54.299
F1_KNU1_B 24.0415 129.066 -22.2458
F1_KNU2_A 30.8512 133.796 -72.4559
F1_KNU3_A 28.9754 134.002 -88.3771
F2_KNU1_A 22.5874 165.549 -58.2547
F2_KNU1_B 15.6265 147.108 -21.6682
F2_KNU2_A 24.0869 175.74 -81.8728
F2_KNU3_A 23.4423 181.803 -98.1471
TH_KNU1_A -44.894 147.78 15.8857
TH_KNU1_B -17.2359 134.286 50.6525
TH_KNU2_A -63.3831 156.202 -8.46589
TH_KNU3_A -77.9189 166.324 -21.12
PALM_POSITION 0.909039 148.866 -1.54534
PALM_NORMAL -0.762643 -0.568544 -0.308437
