F4_KNU1_A -16.3277 198.287 -45.4678
F4_KNU1_B -15.4631 172.933 -14.5921
F4_KNU2_A -20.9791 209.865 -64.1696
F4_KNU3_A -26.7025 216.039 -77.6487
F3_KNU1_A 5.63354 179.577 -61.3939
F3_KNU1_B -1.81942 159.438 -22.038
F3_KNU2_A 4.876 189.054 -86.0762
F3_KNU3_A 1.37823 193.651 -102.573
F1_KNU1_A 7.07419 129.664 -56.131
F1_KNU1_B 17.8021 123.803 -25.5983
F1_KNU2_A -4.63318 130.379 -70.0376
F1_KNU3_A -17.6686 129.358 -79.3156
F2_KNU1_A 21.4067 159.751 -60.4789
F2_KNU1_B 10.2852 142.212 -24.4818
F2_KNU2_A 24.0515 169.12 -84.3359
F2_KNU3_A 23.1974 174.339 -100.891
TH_KNU1_A -39.8802 139.556 10.466
TH_KNU1_B -17.4516 131.08 50.2267
TH_KNU2_A -54.2632 143.399 -17.5362
TH_KNU3_A -65.4106 148.794 -35.439
PALM_POSITION -2.74177 144.689 -3.29729
PALM_NORMAL -0.809197 -0.533788 -0.2455
