F4_KNU1_A -17.2931 196.643 -45.0093
F4_KNU1_B -13.8036 171.726 -13.9635
F4_KNU2_A -23.0704 208.11 -63.4639
F4_KNU3_A -29.305 214.406 -76.6565
F3_KNU1_A 5.12722 180.322 -58.678
F3_KNU1_B -0.321601 157.579 -20.4276
F3_KNU2_A 4.24218 192.02 -82.3836
F3_KNU3_A 1.30978 198.571 -98.3212
F1_KNU1_A 3.76074 125.767 -51.4651
F1_KNU1_B 18.1191 121.188 -22.2321
F1_KNU2_A -9.64091 125.753 -63.768
F1_KNU3_A -23.6668 124.234 -71.3846
F2_KNU1_A 21.2543 153.673 -59.7934
F2_KNU1_B 11.2425 139.877 -21.8918
F2_KNU2_A 23.4894 160.763 -84.4644
F2_KNU3_A 22.6203 164.569 -101.399
TH_KNU1_A -37.4107 138.82 8.95803
TH_KNU1_B -20.4942 131.515 51.5757
TH_KNU2_A -46.9963 139.369 -21.2675
TH_KNU3_A -53.0728 138.693 -42.1599
PALM_POSITION -2.70072 143.319 -1.43803
PALM_NORMAL -0.815456 -0.510082 -0.273583
