F4_KNU1_A -59.5917 189.616 -54.4233
F4_KNU1_B -47.7212 172.043 -17.0595
F4_KNU2_A -66.8716 197.299 -76.1531
F4_KNU3_A -72.3665 201.24 -91.8435
F3_KNU1_A -30.5956 193.069 -64.3734
F3_KNU1_B -26.1484 170.83 -21.842
F3_KNU2_A -33.8991 204.654 -90.1318
F3_KNU3_A -36.5003 211.32 -107.508
F1_KNU1_A 26.5473 167.409 -49.3537
F1_KNU1_B 15.8851 159.273 -16.6369
F1_KNU2_A 31.82 170.63 -67.911
F1_KNU3_A 35.9439 172.432 -84.5499
F2_KNU1_A -2.84555 173.244 -64.5036
F2_KNU1_B -3.7328 167.048 -20.2647
F2_KNU2_A -3.48823 173.911 -92.1901
F2_KNU3_A -4.61631 172.493 -110.786
TH_KNU1_A -64.2758 163.814 28.4719
TH_KNU1_B -28.0557 157.062 62.151
TH_KNU2_A -88.0309 167.478 4.28964
TH_KNU3_A -107.793 173.952 -6.44621
PALM_POSITION -18.7478 164.336 1.85235
PALM_NORMAL -0.163723 -0.985823 -0.0367217
