F4_KNU1_A -17.3384 189.242 -44.916
F4_KNU1_B -17.8127 166.722 -11.908
F4_KNU2_A -18.0105 201.337 -63.8557
F4_KNU3_A -19.0598 209.515 -77.4414
F3_KNU1_A 1.64227 173.005 -57.6354
F3_KNU1_B -4.08822 152.681 -18.0864
F3_KNU2_A 3.99406 184.554 -81.3139
F3_KNU3_A 4.95082 191.92 -97.1367
F1_KNU1_A -7.05142 116.462 -43.1903
F1_KNU1_B 15.1711 116.682 -18.9457
F1_KNU2_A -24.0291 113.07 -48.7779
F1_KNU3_A -39.4663 108.742 -48.865
F2_KNU1_A 15.3139 141.794 -59.4772
F2_KNU1_B 7.86576 135.209 -19.1255
F2_KNU2_A 17.7651 144.929 -84.9349
F2_KNU3_A 18.1707 146.489 -102.239
TH_KNU1_A -34.4911 133.562 10.3631
TH_KNU1_B -22.7272 128.56 54.9993
TH_KNU2_A -40.3316 131.271 -20.7239
TH_KNU3_A -42.1126 124.6 -41.3686
PALM_POSITION -5.89175 139.007 1.39108
PALM_NORMAL -0.806771 -0.537379 -0.245652
