F4_KNU1_A -22.9497 193.33 -44.2748
F4_KNU1_B -18.3772 169.109 -12.8206
F4_KNU2_A -26.5394 206.324 -62.2666
F4_KNU3_A -29.6912 215.101 -75.1344
F3_KNU1_A -2.89957 172.895 -58.2014
F3_KNU1_B -4.44626 154.629 -17.2872
F3_KNU2_A -3.43483 182.975 -82.6494
F3_KNU3_A -4.60605 189.223 -98.9319
F1_KNU1_A 25.2769 106.448 -42.8187
F1_KNU1_B 15.049 118.885 -14.1411
F1_KNU2_A 28.8863 98.9588 -59.0004
F1_KNU3_A 30.535 91.9829 -73.3414
F2_KNU1_A 13.5658 146.588 -56.3857
F2_KNU1_B 7.63397 137.24 -16.3292
F2_KNU2_A 15.9098 151.806 -81.5095
F2_KNU3_A 16.7219 154.985 -98.5759
TH_KNU1_A -45.27 172.181 34.2421
TH_KNU1_B -24.3804 137.846 57.4903
TH_KNU2_A -59.4323 197.87 22.1883
TH_KNU3_A -69.1607 215.442 13.795
PALM_POSITION -6.55076 142.974 3.43279
PALM_NORMAL -0.798399 -0.565967 -0.205525
