F4_KNU1_A -58.1816 182.052 -51.9895
F4_KNU1_B -46.3578 165.939 -13.9587
F4_KNU2_A -65.2675 188.89 -74.0631
F4_KNU3_A -70.5165 192.232 -89.9752
F3_KNU1_A -29.2733 185.219 -61.6877
F3_KNU1_B -24.5532 165.997 -17.7389
F3_KNU2_A -32.6924 194.668 -88.2896
F3_KNU3_A -35.3317 199.716 -106.197
F1_KNU1_A 24.8776 167.093 -43.6911
F1_KNU1_B 17.8015 156.933 -10.5706
F1_KNU2_A 27.8357 170.681 -62.6891
F1_KNU3_A 29.6516 172.19 -79.7635
F2_KNU1_A -2.5682 154.234 -58.8167
F2_KNU1_B -2.0509 163.54 -15.12
F2_KNU2_A -6.05845 138.756 -81.5242
F2_KNU3_A -9.82772 124.343 -92.8002
TH_KNU1_A -63.679 157.648 30.1309
TH_KNU1_B -29.5228 152.148 66.1152
TH_KNU2_A -86.8485 161.273 5.38138
TH_KNU3_A -106.546 167.462 -5.63803
PALM_POSITION -17.8853 159.951 6.2893
PALM_NORMAL -0.103648 -0.993749 -0.0414708
