F4_KNU1_A -26.9637 189.912 -41.7421
F4_KNU1_B -22.6098 164.492 -11.2171
F4_KNU2_A -30.6932 203.603 -59.1801
F4_KNU3_A -34.1313 212.861 -71.6312
F3_KNU1_A -4.19563 167.63 -55.941
F3_KNU1_B -9.54342 149.159 -15.4413
F3_KNU2_A -2.30126 178.069 -80.17
F3_KNU3_A -1.80889 184.676 -96.3451
F1_KNU1_A 20.7227 98.91 -37.674
F1_KNU1_B 9.33896 113.306 -10.3818
F1_KNU2_A 25.1508 90.2758 -53.0625
F1_KNU3_A 27.5865 82.2285 -66.7138
F2_KNU1_A 11.6033 138.418 -53.691
F2_KNU1_B 2.16634 131.568 -13.8021
F2_KNU2_A 16.1807 142.158 -78.7707
F2_KNU3_A 18.4875 144.366 -95.8536
TH_KNU1_A -47.6028 170.688 37.2327
TH_KNU1_B -22.1584 141.033 62.3119
TH_KNU2_A -64.5525 193.39 22.9818
TH_KNU3_A -75.5995 210.72 15.8051
PALM_POSITION -9.80044 139.83 6.52443
PALM_NORMAL -0.828021 -0.557105 -0.0633678
