F4_KNU1_A -31.9728 188.445 -40.7895
F4_KNU1_B -26.9089 163.085 -10.3243
F4_KNU2_A -36.2825 201.933 -58.252
F4_KNU3_A -40.2505 210.922 -70.7428
F3_KNU1_A -8.57866 170.027 -53.6649
F3_KNU1_B -12.8956 148.603 -14.5187
F3_KNU2_A -7.12006 182.244 -77.0785
F3_KNU3_A -6.82082 190.047 -92.7167
F1_KNU1_A 22.7739 101.384 -35.8986
F1_KNU1_B 8.44815 114.196 -9.20924
F1_KNU2_A 28.9792 93.4454 -51.0456
F1_KNU3_A 33.0484 85.8494 -64.5656
F2_KNU1_A 10.6677 137.604 -52.5513
F2_KNU1_B 0.00348375 131.874 -12.7952
F2_KNU2_A 15.9187 140.47 -77.614
F2_KNU3_A 18.6144 141.977 -94.7162
TH_KNU1_A -51.2646 169.157 38.9805
TH_KNU1_B -23.7875 140.914 63.5388
TH_KNU2_A -69.9981 188.833 22.6199
TH_KNU3_A -82.2392 205.201 15.1276
PALM_POSITION -12.1966 139.638 7.5885
PALM_NORMAL -0.789153 -0.612774 -0.041785
