F4_KNU1_A -31.2859 190.48 -41.543
F4_KNU1_B -26.2831 164.118 -11.9305
F4_KNU2_A -35.5719 204.53 -58.5626
F4_KNU3_A -39.5307 213.911 -70.7644
F3_KNU1_A -7.4796 171.699 -55.5367
F3_KNU1_B -12.198 149.872 -16.6605
F3_KNU2_A -5.92644 184.085 -78.8554
F3_KNU3_A -5.65187 191.953 -94.4617
F1_KNU1_A 23.7308 103.666 -39.7615
F1_KNU1_B 9.33279 115.409 -12.6231
F1_KNU2_A 29.9203 96.2952 -55.1992
F1_KNU3_A 33.928 89.1808 -68.9966
F2_KNU1_A 11.3907 140.547 -55.0563
F2_KNU1_B 0.791075 133.16 -15.5572
F2_KNU2_A 16.4222 144.361 -80.0377
F2_KNU3_A 18.8567 146.452 -97.1176
TH_KNU1_A -49.9653 168.814 37.5082
TH_KNU1_B -22.9655 139.295 61.0757
TH_KNU2_A -68.3954 189.116 21.5721
TH_KNU3_A -80.6622 205.205 13.5391
PALM_POSITION -11.428 140.114 5.10587
PALM_NORMAL -0.785951 -0.615037 -0.0633229
