F4_KNU1_A -30.4932 188.113 -46.6469
F4_KNU1_B -24.4904 165.247 -14.4288
F4_KNU2_A -35.1173 200.074 -65.113
F4_KNU3_A -39.15 207.931 -78.3253
F3_KNU1_A -7.80556 170.388 -59.8555
F3_KNU1_B -9.43803 151.975 -19.0101
F3_KNU2_A -7.86056 180.681 -84.2205
F3_KNU3_A -8.49318 187.137 -100.451
F1_KNU1_A 26.4976 110.357 -44.4363
F1_KNU1_B 13.7451 118.569 -15.2535
F1_KNU2_A 32.0134 105.076 -60.9484
F1_KNU3_A 35.6633 99.8918 -75.6743
F2_KNU1_A 11.311 144.415 -58.0098
F2_KNU1_B 4.38548 135.946 -17.9173
F2_KNU2_A 14.4566 149.027 -83.1646
F2_KNU3_A 15.8935 151.752 -100.268
TH_KNU1_A -48.5294 168.841 34.3395
TH_KNU1_B -23.2129 137.67 57.6471
TH_KNU2_A -65.7994 189.496 17.5809
TH_KNU3_A -77.6625 204.874 7.74886
PALM_POSITION -9.14595 141.389 2.3778
PALM_NORMAL -0.747122 -0.65282 -0.125038
