F4_KNU1_A -55.131 166.595 -54.6584
F4_KNU1_B -45.3015 158.372 -13.6521
F4_KNU2_A -60.7406 168.849 -78.0606
F4_KNU3_A -64.7231 168.958 -94.6752
F3_KNU1_A -27.795 144.053 -62.1495
F3_KNU1_B -23.4882 160.161 -16.9248
F3_KNU2_A -30.9049 130.33 -86.8605
F3_KNU3_A -33.2033 119.35 -101.937
F1_KNU1_A 19.2895 164.812 -42.6194
F1_KNU1_B 19.2723 154.361 -8.84018
F1_KNU2_A 19.0328 169.985 -61.4801
F1_KNU3_A 18.601 174.068 -78.2206
F2_KNU1_A -4.05842 164.581 -58.0744
F2_KNU1_B -0.927712 159.442 -13.802
F2_KNU2_A -6.39995 166.13 -85.6338
F2_KNU3_A -8.20485 166.229 -104.23
TH_KNU1_A -63.436 150.146 30.6484
TH_KNU1_B -29.2534 145.222 66.691
TH_KNU2_A -86.1775 153.099 5.4171
TH_KNU3_A -105.627 158.092 -6.60391
PALM_POSITION -16.9129 154.44 7.20813
PALM_NORMAL -0.0247734 -0.998395 -0.0509192
