F4_KNU1_A -33.6618 177.124 -52.0747
F4_KNU1_B -31.06 163.536 -14.5849
F4_KNU2_A -35.6438 183.992 -73.3901
F4_KNU3_A -37.3478 188.382 -88.5683
F3_KNU1_A -16.3232 166.062 -62.2835
F3_KNU1_B -13.034 154.658 -19.0499
F3_KNU2_A -18.9175 172.07 -87.9111
F3_KNU3_A -20.9822 175.649 -104.895
F1_KNU1_A 16.9936 135.736 -48.4226
F1_KNU1_B 16.926 127.008 -16.7128
F1_KNU2_A 16.0845 139.913 -66.1056
F1_KNU3_A 14.6195 143.126 -81.7446
F2_KNU1_A 1.49453 153.889 -58.1151
F2_KNU1_B 4.01302 142.082 -18.3488
F2_KNU2_A -0.787887 160.533 -82.9059
F2_KNU3_A -2.72217 164.636 -99.6823
TH_KNU1_A -59.3879 154.251 31.0916
TH_KNU1_B -28.8514 127.513 53.6392
TH_KNU2_A -79.83 171.643 14.1973
TH_KNU3_A -94.455 184.91 5.03399
PALM_POSITION -11.9047 141.628 0.913616
PALM_NORMAL -0.563343 -0.77901 -0.275295
