F4_KNU1_A -33.5874 174.878 -52.99
F4_KNU1_B -32.2497 162.607 -14.983
F4_KNU2_A -34.8009 181.056 -74.5722
F4_KNU3_A -35.9256 184.997 -89.9267
F3_KNU1_A -16.672 164.583 -62.8379
F3_KNU1_B -14.0662 154.004 -19.3486
F3_KNU2_A -18.7462 170.214 -88.5981
F3_KNU3_A -20.4027 173.607 -105.665
F1_KNU1_A 14.0821 135.615 -48.669
F1_KNU1_B 16.1488 126.626 -17.0997
F1_KNU2_A 12.0063 139.906 -66.226
F1_KNU3_A 9.54103 143.208 -81.72
F2_KNU1_A -0.631369 152.812 -58.4777
F2_KNU1_B 3.1016 141.595 -18.6362
F2_KNU2_A -3.695 159.029 -83.2949
F2_KNU3_A -6.16341 162.819 -100.075
TH_KNU1_A -61.5635 151.329 29.692
TH_KNU1_B -30.6677 125.279 52.554
TH_KNU2_A -82.0306 167.945 12.0633
TH_KNU3_A -96.8555 180.865 2.72772
PALM_POSITION -13.0938 140.599 0.37274
PALM_NORMAL -0.55088 -0.779264 -0.298797
