F4_KNU1_A -42.2696 181.517 -50.1886
F4_KNU1_B -33.2106 164.682 -15.097
F4_KNU2_A -48.0776 189.74 -70.2904
F4_KNU3_A -52.5867 194.803 -84.6639
F3_KNU1_A -17.7662 171.517 -60.6396
F3_KNU1_B -14.3675 157.058 -18.3384
F3_KNU2_A -20.6156 178.982 -85.8537
F3_KNU3_A -22.953 183.327 -102.622
F1_KNU1_A 32.4021 125 -42.4015
F1_KNU1_B 17.1688 131.483 -13.9829
F1_KNU2_A 39.9515 120.714 -58.389
F1_KNU3_A 45.9562 116.446 -72.6287
F2_KNU1_A 6.27681 153.244 -57.2484
F2_KNU1_B 3.40517 145.658 -16.4891
F2_KNU2_A 6.99898 156.775 -82.7618
F2_KNU3_A 6.90699 158.51 -100.054
TH_KNU1_A -63.8432 154.522 29.8528
TH_KNU1_B -33.1457 128.615 53.1398
TH_KNU2_A -84.3057 171.468 12.5348
TH_KNU3_A -99.2981 184.591 3.7667
PALM_POSITION -13.6994 144.054 1.66255
PALM_NORMAL -0.489712 -0.814123 -0.312067
