F4_KNU1_A -44.5329 177.434 -51.5501
F4_KNU1_B -33.3922 159.327 -17.7138
F4_KNU2_A -51.5568 186.438 -70.9161
F4_KNU3_A -56.9594 192.071 -84.7592
F3_KNU1_A -15.211 166.247 -61.1135
F3_KNU1_B -14.617 150.982 -18.9632
F3_KNU2_A -16.3155 174.368 -86.2618
F3_KNU3_A -17.4676 179.228 -103.012
F1_KNU1_A 34.9373 116.922 -35.3051
F1_KNU1_B 15.9257 125.451 -9.85903
F1_KNU2_A 44.6392 111.469 -49.6964
F1_KNU3_A 52.562 106.136 -62.5741
F2_KNU1_A 10.7129 147.279 -54.8195
F2_KNU1_B 2.71094 139.514 -14.7848
F2_KNU2_A 14.8114 151.15 -79.962
F2_KNU3_A 17.0783 153.219 -97.0677
TH_KNU1_A -69.5422 153.322 27.9154
TH_KNU1_B -38.0072 131.587 54.163
TH_KNU2_A -91.6983 169.428 11.932
TH_KNU3_A -107.687 182.942 5.9648
PALM_POSITION -15.3884 140.423 2.42598
PALM_NORMAL -0.494201 -0.834941 -0.242155
