F4_KNU1_A -50.6915 171.562 -57.4328
F4_KNU1_B -40.5727 152.108 -24.0252
F4_KNU2_A -57.7426 180.823 -76.6668
F4_KNU3_A -63.554 186.239 -90.4309
F3_KNU1_A -19.3443 161.209 -66.494
F3_KNU1_B -21.9996 143.351 -25.4568
F3_KNU2_A -19.3994 170.094 -91.4071
F3_KNU3_A -20.4255 174.913 -108.177
F1_KNU1_A 31.2485 112.257 -38.1335
F1_KNU1_B 9.22148 119.306 -14.7492
F1_KNU2_A 42.1593 106.791 -51.6256
F1_KNU3_A 50.6495 100.778 -63.8245
F2_KNU1_A 7.28605 142.433 -59.5179
F2_KNU1_B -4.37397 132.503 -20.8845
F2_KNU2_A 12.9917 146.895 -84.2458
F2_KNU3_A 15.8622 148.827 -101.277
TH_KNU1_A -74.0753 149.663 24.3203
TH_KNU1_B -38.6155 137.588 51.7535
TH_KNU2_A -99.0623 160.532 8.09423
TH_KNU3_A -116.509 171.873 1.70176
PALM_POSITION -20.8202 136.752 -2.55155
PALM_NORMAL -0.515179 -0.855919 -0.0446465
