F4_KNU1_A -51.8711 173.208 -60.694
F4_KNU1_B -41.8262 152.373 -28.1074
F4_KNU2_A -59.1016 182.861 -79.6672
F4_KNU3_A -65.1603 188.277 -93.3241
F3_KNU1_A -19.9604 160.997 -71.6933
F3_KNU1_B -23.0655 144.179 -30.25
F3_KNU2_A -20.2733 168.462 -97.0659
F3_KNU3_A -21.7677 171.847 -114.149
F1_KNU1_A 28.0115 116.687 -47.817
F1_KNU1_B 8.83421 120.291 -21.3417
F1_KNU2_A 36.5994 112.501 -63.299
F1_KNU3_A 42.3924 107.177 -77.2683
F2_KNU1_A 5.21228 143.02 -65.6296
F2_KNU1_B -5.13769 133.505 -26.5215
F2_KNU2_A 9.21855 146.128 -90.8927
F2_KNU3_A 10.3997 146.482 -108.228
TH_KNU1_A -74.1632 146.246 19.582
TH_KNU1_B -38.7121 133.252 46.6038
TH_KNU2_A -98.9544 156.683 2.78264
TH_KNU3_A -116.6 166.939 -4.78787
PALM_POSITION -21.4838 136.208 -7.8099
PALM_NORMAL -0.495019 -0.863901 -0.092901
