F4_KNU1_A -44.5391 169.495 -64.4742
F4_KNU1_B -38.7912 153.868 -28.1473
F4_KNU2_A -48.6243 176.862 -85.3182
F4_KNU3_A -52.0237 181.167 -100.234
F3_KNU1_A -18.7397 158.877 -73.4153
F3_KNU1_B -19.8593 146.123 -30.4491
F3_KNU2_A -19.0519 165.168 -99.1045
F3_KNU3_A -19.8164 168.603 -116.226
F1_KNU1_A 21.9913 125.795 -53.7133
F1_KNU1_B 12.2532 122.179 -22.5077
F1_KNU2_A 26.2478 126.797 -71.3724
F1_KNU3_A 29.1258 126.923 -87.1442
F2_KNU1_A 4.83725 143.887 -67.2295
F2_KNU1_B -1.83275 135.497 -27.0769
F2_KNU2_A 8.0713 148.041 -92.4528
F2_KNU3_A 9.71775 150.22 -109.616
TH_KNU1_A -71.3891 146.064 18.7821
TH_KNU1_B -36.8083 129.822 45.1665
TH_KNU2_A -95.1357 157.435 1.10288
TH_KNU3_A -111.944 166.515 -9.3335
PALM_POSITION -18.5807 136.688 -8.56446
PALM_NORMAL -0.478749 -0.863149 -0.16054
