F4_KNU1_A -40.3156 166.93 -66.2881
F4_KNU1_B -37.7933 154.671 -28.3375
F4_KNU2_A -42.3793 172.634 -87.9362
F4_KNU3_A -44.2232 175.934 -103.372
F3_KNU1_A -18.4827 157.856 -73.8298
F3_KNU1_B -18.7935 147.007 -30.3301
F3_KNU2_A -19.1341 163.163 -99.7337
F3_KNU3_A -20.0318 166.049 -116.95
F1_KNU1_A 19.4312 129.225 -53.755
F1_KNU1_B 13.174 122.975 -22.0773
F1_KNU2_A 22.0316 131.949 -71.5534
F1_KNU3_A 23.6802 133.801 -87.3932
F2_KNU1_A 3.20386 145.504 -67.0656
F2_KNU1_B -0.828702 136.352 -26.7285
F2_KNU2_A 5.13791 150.53 -92.2633
F2_KNU3_A 6.11605 153.545 -109.351
TH_KNU1_A -71.6144 146.495 18.1636
TH_KNU1_B -37.5215 129.221 44.5273
TH_KNU2_A -94.8212 158.134 -0.0503099
TH_KNU3_A -111.392 167.563 -10.557
PALM_POSITION -18.0206 137.155 -8.60618
PALM_NORMAL -0.472729 -0.860789 -0.1886
