F4_KNU1_A -36.4825 166.045 -66.0804
F4_KNU1_B -36.1768 154.731 -27.7557
F4_KNU2_A -37.26 171.232 -87.9419
F4_KNU3_A -38.1702 174.184 -103.531
F3_KNU1_A -16.4548 157.359 -73.2453
F3_KNU1_B -17.0977 147.223 -29.5776
F3_KNU2_A -17.1743 161.856 -99.3002
F3_KNU3_A -18.2551 163.997 -116.614
F1_KNU1_A 19.7272 131.172 -52.8821
F1_KNU1_B 14.8252 123.115 -21.3743
F1_KNU2_A 21.5143 134.844 -70.6104
F1_KNU3_A 22.4075 137.493 -86.3974
F2_KNU1_A 3.90789 147.178 -65.9799
F2_KNU1_B 0.847647 136.555 -25.919
F2_KNU2_A 5.06534 152.917 -91.073
F2_KNU3_A 5.42336 156.297 -108.116
TH_KNU1_A -70.6926 145.356 17.7324
TH_KNU1_B -37.2697 127.134 44.3158
TH_KNU2_A -93.1785 157.196 -1.24008
TH_KNU3_A -109.42 166.867 -12.0365
PALM_POSITION -16.7192 136.735 -8.14275
PALM_NORMAL -0.463953 -0.857141 -0.223734
