F4_KNU1_A -37.3741 166.191 -62.3467
F4_KNU1_B -34.8831 158.044 -23.3042
F4_KNU2_A -39.7505 168.829 -84.5465
F4_KNU3_A -41.9782 169.564 -100.264
F3_KNU1_A -21.1293 154.36 -69.488
F3_KNU1_B -15.8564 150.408 -25.1416
F3_KNU2_A -25.4394 155.001 -95.5765
F3_KNU3_A -28.8936 154.552 -112.705
F1_KNU1_A 15.1434 130.028 -49.8708
F1_KNU1_B 15.7697 125.807 -17.2596
F1_KNU2_A 12.8128 130.618 -67.9037
F1_KNU3_A 9.44361 129.948 -83.564
F2_KNU1_A -1.3856 142.289 -62.9193
F2_KNU1_B 1.95699 139.486 -21.5905
F2_KNU2_A -5.10645 142.048 -88.4149
F2_KNU3_A -8.45813 140.856 -105.426
TH_KNU1_A -65.6881 147.607 16.9281
TH_KNU1_B -36.8966 128.655 48.0349
TH_KNU2_A -82.392 156.6 -8.48616
TH_KNU3_A -92.7165 161.383 -27.0442
PALM_POSITION -15.7724 139.382 -3.97569
PALM_NORMAL -0.469568 -0.846908 -0.249503
