F4_KNU1_A -41.0871 160.026 -53.9077
F4_KNU1_B -31.8281 160.836 -15.0424
F4_KNU2_A -47.6303 154.919 -74.8012
F4_KNU3_A -52.7856 149.1 -88.6622
F3_KNU1_A -25.7325 149.88 -58.5207
F3_KNU1_B -12.1715 154.815 -16.0734
F3_KNU2_A -35.4883 143.139 -82.1636
F3_KNU3_A -42.6098 137.063 -96.9244
F1_KNU1_A 14.1805 125.776 -40.5533
F1_KNU1_B 20.4693 131.39 -8.76296
F1_KNU2_A 7.86239 119.944 -56.5856
F1_KNU3_A 0.844399 113.406 -69.4327
F2_KNU1_A -5.04107 136.532 -51.6182
F2_KNU1_B 6.06119 144.65 -12.4016
F2_KNU2_A -14.4381 127.486 -73.8399
F2_KNU3_A -21.7357 119.768 -87.5946
TH_KNU1_A -58.451 133.462 11.0436
TH_KNU1_B -37.8397 120.818 50.6804
TH_KNU2_A -65.6569 136.563 -19.6847
TH_KNU3_A -66.645 135.617 -41.4104
PALM_POSITION -13.0969 140.71 3.15694
PALM_NORMAL -0.377453 -0.827328 -0.416001
