F4_KNU1_A -41.1095 159.266 -51.7645
F4_KNU1_B -29.9543 161.475 -13.4555
F4_KNU2_A -48.2129 154.757 -72.6127
F4_KNU3_A -53.5663 150.034 -86.8109
F3_KNU1_A -24.9802 150.522 -56.5141
F3_KNU1_B -10.2826 155.497 -14.4516
F3_KNU2_A -35.1914 143.995 -80.0244
F3_KNU3_A -42.5197 138.178 -94.7887
F1_KNU1_A 12.9707 124.456 -38.0782
F1_KNU1_B 22.3088 131.914 -7.43715
F1_KNU2_A 4.75786 117.253 -52.6261
F1_KNU3_A -3.85223 109.486 -63.6977
F2_KNU1_A -5.42101 134.752 -48.7996
F2_KNU1_B 7.92361 145.253 -10.8688
F2_KNU2_A -16.5382 123.331 -69.0453
F2_KNU3_A -24.9812 113.827 -80.8951
TH_KNU1_A -55.72 130.627 10.2657
TH_KNU1_B -36.5653 119.749 51.1384
TH_KNU2_A -61.5914 132.547 -20.8406
TH_KNU3_A -59.2885 129.237 -42.2326
PALM_POSITION -11.3811 140.895 4.39404
PALM_NORMAL -0.372566 -0.816461 -0.441119
