F4_KNU1_A -29.8725 175.877 -49.2976
F4_KNU1_B -19.9355 175.925 -10.5917
F4_KNU2_A -36.5637 172.662 -70.5185
F4_KNU3_A -41.7487 168.925 -85.0688
F3_KNU1_A -25.5005 139.054 -34.7935
F3_KNU1_B -0.924551 168.044 -11.0117
F3_KNU2_A -40.1288 117.024 -34.2476
F3_KNU3_A -48.7826 102.576 -29.5669
F1_KNU1_A 6.49206 124.556 -22.8497
F1_KNU1_B 28.6124 140.598 -4.54526
F1_KNU2_A -7.77723 113.288 -23.4731
F1_KNU3_A -19.9699 103.359 -20.3432
F2_KNU1_A -8.50006 129.976 -29.1843
F2_KNU1_B 15.8869 155.645 -7.42436
F2_KNU2_A -25.6536 110.75 -29.0532
F2_KNU3_A -36.7345 98.0211 -24.9036
TH_KNU1_A -56.9941 140.919 9.51861
TH_KNU1_B -35.1949 128.971 48.734
TH_KNU2_A -58.4539 138.974 -22.1018
TH_KNU3_A -42.006 126.503 -29.0179
PALM_POSITION -4.7907 151.855 6.09215
PALM_NORMAL -0.418496 -0.725489 -0.546376
