F4_KNU1_A -29.3922 174.245 -59.6321
F4_KNU1_B -19.4501 168.076 -21.4223
F4_KNU2_A -36.6437 160.736 -76.0742
F4_KNU3_A -40.6293 145.992 -80.4683
F3_KNU1_A 2.43123 166.072 -65.1388
F3_KNU1_B 0.397573 162.702 -20.4786
F3_KNU2_A -6.12915 150.801 -84.9663
F3_KNU3_A -14.3893 136.142 -89.6978
F1_KNU1_A 47.7419 134.312 -40.614
F1_KNU1_B 32.6931 139.269 -11.7928
F1_KNU2_A 43.845 124.785 -55.6143
F1_KNU3_A 33.5035 115.068 -63.0764
F2_KNU1_A 27.9545 154.924 -56.0223
F2_KNU1_B 18.3723 152.56 -15.6528
F2_KNU2_A 21.1067 141.32 -76.8057
F2_KNU3_A 11.742 128.052 -82.9947
TH_KNU1_A -62.7126 139.19 7.72777
TH_KNU1_B -32.6152 119.485 37.0812
TH_KNU2_A -72.3722 146.302 -21.6299
TH_KNU3_A -62.9141 141.223 -40.5671
PALM_POSITION -2.53037 146.131 -3.55482
PALM_NORMAL -0.283395 -0.772615 -0.568113
