F4_KNU1_A -29.7875 156.657 -60.8942
F4_KNU1_B -21.4463 147.257 -22.9606
F4_KNU2_A -34.8764 160.585 -82.4375
F4_KNU3_A -38.686 162.588 -97.7355
F3_KNU1_A 2.04402 150.948 -65.0889
F3_KNU1_B -1.52377 142.38 -21.2269
F3_KNU2_A 3.59035 154.91 -91.1947
F3_KNU3_A 4.31397 156.943 -108.54
F1_KNU1_A 52.7917 114.978 -31.4098
F1_KNU1_B 31.2528 122.178 -7.62052
F1_KNU2_A 63.9654 110.145 -44.9287
F1_KNU3_A 73.2598 105.299 -57.0602
F2_KNU1_A 28.3001 138.049 -54.1211
F2_KNU1_B 16.6877 133.931 -14.4311
F2_KNU2_A 34.9146 139.644 -78.9733
F2_KNU3_A 39.0526 140.199 -95.8432
TH_KNU1_A -61.3652 137.906 17.8287
TH_KNU1_B -32.4249 115.892 46.7014
TH_KNU2_A -79.7283 151.809 -3.97239
TH_KNU3_A -94.9077 163.445 -14.3673
PALM_POSITION -3.79292 130.885 -0.435132
PALM_NORMAL -0.291216 -0.896408 -0.334134
