F4_KNU1_A -30.9536 155.755 -62.5364
F4_KNU1_B -22.6879 144.558 -25.0771
F4_KNU2_A -36.089 160.649 -83.8697
F4_KNU3_A -39.9913 163.273 -99.05
F3_KNU1_A 1.66877 149.888 -66.3743
F3_KNU1_B -2.83786 139.527 -22.988
F3_KNU2_A 3.60477 154.63 -92.3234
F3_KNU3_A 4.4794 156.995 -109.62
F1_KNU1_A 51.8993 111.621 -30.4111
F1_KNU1_B 29.6874 120.137 -7.70001
F1_KNU2_A 63.3815 105.925 -43.3219
F1_KNU3_A 72.8834 100.219 -54.9061
F2_KNU1_A 28.2039 136.601 -54.6735
F2_KNU1_B 15.2748 131.445 -15.5154
F2_KNU2_A 35.4201 138.442 -79.3406
F2_KNU3_A 39.8208 138.914 -96.1463
TH_KNU1_A -63.6967 136.639 15.9145
TH_KNU1_B -33.7383 120.064 47.2764
TH_KNU2_A -84.1205 147.918 -5.56591
TH_KNU3_A -100.666 158.7 -14.724
PALM_POSITION -5.16375 130.075 -1.19716
PALM_NORMAL -0.308067 -0.918742 -0.246996
