F4_KNU1_A -31.0485 156.175 -62.6778
F4_KNU1_B -23.0638 144.175 -25.4068
F4_KNU2_A -36.2961 160.935 -84.0143
F4_KNU3_A -40.4298 163.086 -99.2078
F3_KNU1_A 1.55665 150.08 -66.6776
F3_KNU1_B -3.26646 138.857 -23.5406
F3_KNU2_A 3.00784 154.18 -92.7675
F3_KNU3_A 3.16734 155.434 -110.201
F1_KNU1_A 51.3541 111.056 -31.1096
F1_KNU1_B 29.2166 119.391 -8.25908
F1_KNU2_A 61.6916 104.209 -44.4218
F1_KNU3_A 69.2204 96.6675 -56.4008
F2_KNU1_A 28.2666 136.461 -55.0685
F2_KNU1_B 14.8491 130.697 -16.1603
F2_KNU2_A 34.7623 137.037 -79.9964
F2_KNU3_A 38.0249 135.692 -97.0131
TH_KNU1_A -63.9766 132.268 14.7318
TH_KNU1_B -33.084 122.256 47.9161
TH_KNU2_A -83.8671 137.711 -9.36201
TH_KNU3_A -99.1521 143.401 -23.7798
PALM_POSITION -5.31857 130.164 -1.4089
PALM_NORMAL -0.328917 -0.920591 -0.210537
