F4_KNU1_A -30.7974 152.972 -60.5694
F4_KNU1_B -23.3713 142.421 -22.7484
F4_KNU2_A -37.4086 152.71 -82.0557
F4_KNU3_A -43.2302 148.785 -96.3128
F3_KNU1_A 1.91803 147.172 -64.7336
F3_KNU1_B -3.6608 136.617 -21.5191
F3_KNU2_A 0.328985 145.121 -91.056
F3_KNU3_A -3.44563 139.098 -107.025
F1_KNU1_A 48.8371 107.768 -31.0715
F1_KNU1_B 29.0192 117.214 -6.58243
F1_KNU2_A 54.0043 97.1471 -44.9087
F1_KNU3_A 53.644 85.1703 -55.5612
F2_KNU1_A 27.4799 132.615 -53.795
F2_KNU1_B 14.5805 128.406 -14.514
F2_KNU2_A 29.8239 126.829 -78.7939
F2_KNU3_A 27.8862 118.485 -93.9154
TH_KNU1_A -60.4491 128.577 17.2639
TH_KNU1_B -30.1392 125.858 52.3311
TH_KNU2_A -76.1122 124.891 -10.0646
TH_KNU3_A -81.9174 118.142 -29.9297
PALM_POSITION -4.79145 129.515 1.23781
PALM_NORMAL -0.365309 -0.921868 -0.129265
