F4_KNU1_A -29.9297 152.765 -56.9987
F4_KNU1_B -25.1592 142.148 -18.7703
F4_KNU2_A -37.4719 145.941 -77.048
F4_KNU3_A -44.1933 134.608 -85.9333
F3_KNU1_A -1.04849 145.333 -61.5921
F3_KNU1_B -5.49277 136.128 -17.9395
F3_KNU2_A -7.77783 135.255 -85.1029
F3_KNU3_A -15.98 122.084 -93.1514
F1_KNU1_A 42.5696 108.104 -31.166
F1_KNU1_B 27.3978 116.838 -3.32285
F1_KNU2_A 39.5604 94.9766 -43.396
F1_KNU3_A 29.6873 82.7705 -46.6483
F2_KNU1_A 21.425 125.773 -51.8149
F2_KNU1_B 12.8566 127.931 -11.2067
F2_KNU2_A 14.7736 109.528 -70.6769
F2_KNU3_A 5.50133 95.1488 -73.7257
TH_KNU1_A -56.9863 126.844 19.4443
TH_KNU1_B -29.7761 128.386 57.0344
TH_KNU2_A -67.8743 118.188 -9.05638
TH_KNU3_A -67.8253 106.998 -27.7284
PALM_POSITION -5.99757 129.865 5.08448
PALM_NORMAL -0.380487 -0.920931 -0.0843538
