F4_KNU1_A -31.4484 155.306 -51.5071
F4_KNU1_B -18.9161 156.379 -13.5771
F4_KNU2_A -39.1337 134.371 -54.3469
F4_KNU3_A -39.277 122.952 -43.2944
F3_KNU1_A -8.36654 139.918 -55.2699
F3_KNU1_B 0.709302 150.248 -12.5974
F3_KNU2_A -21.6202 117.119 -53.2356
F3_KNU3_A -25.7704 108.316 -38.7165
F1_KNU1_A 32.4852 119.902 -32.0733
F1_KNU1_B 32.6411 128.016 -0.20125
F1_KNU2_A 19.3166 107.432 -33.5068
F1_KNU3_A 9.75584 101.494 -22.0882
F2_KNU1_A 14.8746 130.215 -46.5327
F2_KNU1_B 18.5978 140.665 -6.4823
F2_KNU2_A -0.371875 109.446 -46.2057
F2_KNU3_A -7.52494 101.519 -32.4937
TH_KNU1_A -46.4925 125.804 13.4818
TH_KNU1_B -29.1581 125.823 56.5551
TH_KNU2_A -49.0412 118.822 -17.3488
TH_KNU3_A -40.3207 107.904 -34.0408
PALM_POSITION -1.47807 138.935 8.30252
PALM_NORMAL -0.36016 -0.876355 -0.319824
