F4_KNU1_A -26.8902 154.312 -43.2793
F4_KNU1_B -17.2431 160.169 -4.94504
F4_KNU2_A -34.5176 133.363 -40.3826
F4_KNU3_A -34.4334 126.528 -26.0357
F3_KNU1_A -6.42481 146.8 -47.8081
F3_KNU1_B 2.19683 153.432 -4.31436
F3_KNU2_A -20.1697 124.436 -44.5654
F3_KNU3_A -22.8322 117.626 -28.6887
F1_KNU1_A 21.2162 118.157 -20.3245
F1_KNU1_B 33.6615 130.288 7.59759
F1_KNU2_A 8.68375 106.133 -14.9093
F1_KNU3_A 3.06743 100.81 -0.867275
F2_KNU1_A 6.36161 122.995 -32.1111
F2_KNU1_B 19.8967 143.331 1.50955
F2_KNU2_A -8.75554 104.291 -22.862
F2_KNU3_A -13.8539 99.066 -7.09077
TH_KNU1_A -41.5619 130.107 21.4972
TH_KNU1_B -27.0185 130.399 65.5903
TH_KNU2_A -44.1446 123.875 -9.49082
TH_KNU3_A -38.0505 114.133 -27.9796
PALM_POSITION 0.0789072 142.326 16.704
PALM_NORMAL -0.393758 -0.86664 -0.306414
