F4_KNU1_A -27.5212 152.038 -41.3681
F4_KNU1_B -19.4128 160.098 -3.07744
F4_KNU2_A -34.6632 131.211 -36.8209
F4_KNU3_A -34.6083 125.977 -21.8155
F3_KNU1_A -9.37079 146.353 -46.1215
F3_KNU1_B 0.247756 154.003 -3.00556
F3_KNU2_A -22.1275 123.726 -41.1333
F3_KNU3_A -23.5449 118.019 -24.6731
F1_KNU1_A 18.2096 117.173 -17.2144
F1_KNU1_B 32.8375 132.089 8.18684
F1_KNU2_A 6.7318 105.419 -9.39892
F1_KNU3_A 2.49416 101.059 5.43598
F2_KNU1_A 3.38407 121.195 -28.5061
F2_KNU1_B 18.4553 144.577 2.36827
F2_KNU2_A -10.4779 103.115 -16.4696
F2_KNU3_A -14.4327 99.0575 -0.040302
TH_KNU1_A -40.9609 130.293 24.3252
TH_KNU1_B -25.8279 131.22 68.2106
TH_KNU2_A -44.6188 124.374 -6.61581
TH_KNU3_A -40.4025 115.737 -26.1477
PALM_POSITION -0.796433 143.19 18.2451
PALM_NORMAL -0.375213 -0.883922 -0.2791
