F4_KNU1_A -30.6356 155.99 -43.2517
F4_KNU1_B -20.2801 164.432 -5.59034
F4_KNU2_A -37.0637 134.747 -39.6665
F4_KNU3_A -36.5093 127.892 -25.3393
F3_KNU1_A -11.33 150.817 -48.8639
F3_KNU1_B -0.465536 158.883 -6.12121
F3_KNU2_A -23.329 127.803 -43.7679
F3_KNU3_A -24.2708 121.695 -27.4179
F1_KNU1_A 35.1915 131.724 -28.2731
F1_KNU1_B 33.0188 137.802 3.97657
F1_KNU2_A 22.2134 118.977 -28.5134
F1_KNU3_A 14.7138 115.114 -14.8798
F2_KNU1_A 15.0208 142.849 -42.1693
F2_KNU1_B 18.1394 149.927 -1.33691
F2_KNU2_A 0.430114 121.75 -39.7459
F2_KNU3_A -4.01394 116.264 -23.8658
TH_KNU1_A -45.1952 137.874 24.4919
TH_KNU1_B -23.8676 134.897 65.6266
TH_KNU2_A -54.9287 135.951 -5.62983
TH_KNU3_A -51.9314 128.056 -25.6939
PALM_POSITION -0.607063 147.899 15.0667
PALM_NORMAL -0.35861 -0.892012 -0.275162
