F4_KNU1_A -36.3421 157.233 -46.8587
F4_KNU1_B -23.0041 162.482 -9.55669
F4_KNU2_A -42.406 135.718 -44.4583
F4_KNU3_A -40.4179 128.265 -30.5638
F3_KNU1_A -12.1588 151.226 -54.2988
F3_KNU1_B -3.13688 157.242 -10.7968
F3_KNU2_A -24.2581 128.039 -50.3509
F3_KNU3_A -25.3017 122.137 -33.9315
F1_KNU1_A 38.6443 130.515 -33.0484
F1_KNU1_B 31.0832 136.907 -1.68502
F1_KNU2_A 26.2339 117.438 -35.4895
F1_KNU3_A 16.8977 113.885 -22.9493
F2_KNU1_A 13.7902 143.958 -47.8523
F2_KNU1_B 15.7965 148.684 -6.6122
F2_KNU2_A -0.454974 122.501 -47.0919
F2_KNU3_A -4.88471 116.465 -31.4086
TH_KNU1_A -48.2615 139.102 23.5213
TH_KNU1_B -23.18 134.308 62.2992
TH_KNU2_A -60.0292 137.792 -5.89931
TH_KNU3_A -56.1476 128.961 -25.4139
PALM_POSITION -2.22724 146.679 10.5852
PALM_NORMAL -0.354441 -0.902937 -0.243058
