F4_KNU1_A -29.9835 169.844 -56.0487
F4_KNU1_B -21.2599 164.385 -17.4352
F4_KNU2_A -37.7968 149.282 -60.6973
F4_KNU3_A -38.0624 138.515 -49.0122
F3_KNU1_A -2.03859 160.732 -62.8422
F3_KNU1_B -1.50775 158.627 -18.0616
F3_KNU2_A -15.385 138.344 -67.3389
F3_KNU3_A -20.3706 128.936 -53.4762
F1_KNU1_A 42.8532 128.418 -38.9227
F1_KNU1_B 31.5291 136.366 -9.08494
F1_KNU2_A 30.521 116.086 -44.0989
F1_KNU3_A 18.3205 112.088 -34.4959
F2_KNU1_A 20.046 147.049 -55.0693
F2_KNU1_B 16.897 149.072 -13.6798
F2_KNU2_A 5.39 126.417 -59.9113
F2_KNU3_A -2.40616 117.8 -46.9888
TH_KNU1_A -52.4327 139.719 14.0526
TH_KNU1_B -26.502 129.387 51.1555
TH_KNU2_A -63.5674 141.303 -15.6
TH_KNU3_A -58.1073 133.439 -35.1502
PALM_POSITION -2.16835 146.013 2.18758
PALM_NORMAL -0.364323 -0.862654 -0.350851
