F4_KNU1_A -26.0071 173.607 -61.5795
F4_KNU1_B -20.7893 164.757 -22.9615
F4_KNU2_A -33.3736 156.938 -74.7439
F4_KNU3_A -36.9302 141.872 -71.1481
F3_KNU1_A 3.89257 167.019 -67.4154
F3_KNU1_B -0.81074 159.823 -23.4142
F3_KNU2_A -5.09638 149.977 -85.536
F3_KNU3_A -13.4763 134.659 -84.7296
F1_KNU1_A 50.4226 132.936 -41.5968
F1_KNU1_B 33.0012 138.805 -14.3252
F1_KNU2_A 45.5196 120.579 -54.0151
F1_KNU3_A 33.3398 110.275 -55.6114
F2_KNU1_A 29.2055 154.753 -58.7462
F2_KNU1_B 17.9163 150.967 -18.93
F2_KNU2_A 21.8036 138.591 -77.3994
F2_KNU3_A 11.8867 124.34 -78.1693
TH_KNU1_A -56.973 145.276 15.3606
TH_KNU1_B -25.4284 128.585 45.0612
TH_KNU2_A -71.6996 151.078 -12.1208
TH_KNU3_A -70.4349 147.111 -33.4877
PALM_POSITION -1.20029 146.9 -3.3532
PALM_NORMAL -0.324201 -0.871684 -0.367505
