F4_KNU1_A -24.4679 177.418 -59.5536
F4_KNU1_B -20.3335 163.604 -22.2845
F4_KNU2_A -30.507 170.746 -80.1558
F4_KNU3_A -35.5529 159.124 -89.7486
F3_KNU1_A 7.30039 172.07 -64.9812
F3_KNU1_B -0.312448 158.854 -22.8219
F3_KNU2_A 3.89 165.255 -90.3097
F3_KNU3_A -2.06991 153.999 -102.281
F1_KNU1_A 54.3013 135.535 -40.0801
F1_KNU1_B 33.5799 137.601 -14.6233
F1_KNU2_A 56.8238 126.891 -55.8879
F1_KNU3_A 51.735 116.159 -66.6568
F2_KNU1_A 32.4458 159.248 -56.6629
F2_KNU1_B 18.442 149.895 -18.6693
F2_KNU2_A 31.9102 151.8 -81.324
F2_KNU3_A 26.4158 140.758 -93.5681
TH_KNU1_A -57.5796 144.763 17.706
TH_KNU1_B -25.3277 123.531 43.4899
TH_KNU2_A -74.3227 155.337 -7.06553
TH_KNU3_A -82.8825 160.479 -26.4087
PALM_POSITION -0.788592 144.792 -3.54419
PALM_NORMAL -0.313645 -0.851424 -0.420362
