F4_KNU1_A -26.5711 170.852 -55.7016
F4_KNU1_B -20.8734 156.531 -18.8326
F4_KNU2_A -30.8593 174.977 -77.3819
F4_KNU3_A -34.4399 175.537 -92.8552
F3_KNU1_A 6.03145 168.149 -60.7774
F3_KNU1_B -0.678627 152.572 -19.2763
F3_KNU2_A 8.0842 173.397 -86.62
F3_KNU3_A 8.34811 174.59 -104.057
F1_KNU1_A 55.4687 133.063 -35.3502
F1_KNU1_B 34.0752 133.067 -10.3699
F1_KNU2_A 65.4373 130.676 -50.38
F1_KNU3_A 72.6293 126.865 -64.1929
F2_KNU1_A 30.7516 157.664 -52.3164
F2_KNU1_B 18.4378 144.559 -14.8499
F2_KNU2_A 36.506 162.467 -76.9688
F2_KNU3_A 39.2343 163.741 -94.0848
TH_KNU1_A -55.9094 139.65 21.8427
TH_KNU1_B -24.0028 119.112 48.5996
TH_KNU2_A -74.4272 151.303 -1.1153
TH_KNU3_A -88.173 160.047 -15.554
PALM_POSITION -0.515354 139.332 0.579781
PALM_NORMAL -0.280484 -0.880403 -0.382386
