F4_KNU1_A -48.8345 160.281 -53.2974
F4_KNU1_B -39.1345 147.234 -13.53
F4_KNU2_A -54.4263 165.647 -76.1917
F4_KNU3_A -58.4405 168.159 -92.6079
F3_KNU1_A -20.5914 167.047 -61.2416
F3_KNU1_B -17.2981 148.923 -16.6999
F3_KNU2_A -22.8147 176.484 -87.9743
F3_KNU3_A -24.4521 181.94 -105.882
F1_KNU1_A 31.8998 155.427 -40.9149
F1_KNU1_B 25.3922 142.661 -8.58904
F1_KNU2_A 35.0214 161.268 -59.3183
F1_KNU3_A 37.3775 165.416 -75.8818
F2_KNU1_A 4.38187 166.097 -54.3528
F2_KNU1_B 5.24619 147.981 -13.5196
F2_KNU2_A 3.51639 176.229 -80.1208
F2_KNU3_A 2.72749 182.363 -97.7515
TH_KNU1_A -57.1644 137.784 30.1803
TH_KNU1_B -23.4475 132.481 66.6057
TH_KNU2_A -78.6174 140.382 3.80737
TH_KNU3_A -96.9695 144.719 -10.0532
PALM_POSITION -10.8442 142.708 7.34339
PALM_NORMAL -0.0318584 -0.997073 -0.0695066
