F4_KNU1_A -38.9433 196.23 -34.5509
F4_KNU1_B -28.019 163.177 -14.9284
F4_KNU2_A -45.4528 212.962 -48.0828
F4_KNU3_A -50.2129 223.361 -59.1169
F3_KNU1_A -10.664 204.856 -36.5341
F3_KNU1_B -7.56305 165.406 -15.4598
F3_KNU2_A -13.2255 226.432 -51.6169
F3_KNU3_A -15.3516 239.438 -63.1003
F1_KNU1_A 44.4411 181.341 -25.3656
F1_KNU1_B 31.5996 154.903 -10.608
F1_KNU2_A 50.9888 194.916 -35.5547
F1_KNU3_A 56.2131 205.831 -46.0721
F2_KNU1_A 15.2344 199.455 -30.8989
F2_KNU1_B 13.185 162.252 -12.4928
F2_KNU2_A 15.8546 221.314 -44.5273
F2_KNU3_A 15.8523 235.144 -55.052
TH_KNU1_A -52.6632 132.6 19.1173
TH_KNU1_B -18.0316 109.142 39.2709
TH_KNU2_A -72.6576 148.85 0.626649
TH_KNU3_A -87.8078 159.97 -10.3601
PALM_POSITION -2.94732 147.765 -0.0622076
PALM_NORMAL -0.0293691 -0.78051 -0.624453
