F4_KNU1_A -39.693 208.087 -28.0932
F4_KNU1_B -28.7232 173.6 -11.1466
F4_KNU2_A -46.2998 225.807 -40.2498
F4_KNU3_A -51.1736 237.011 -50.4121
F3_KNU1_A -11.6498 216.325 -30.2685
F3_KNU1_B -8.24803 175.597 -11.8368
F3_KNU2_A -14.5065 238.74 -44.016
F3_KNU3_A -16.8941 252.327 -54.7498
F1_KNU1_A 41.9982 192.458 -21.1092
F1_KNU1_B 30.8307 164.261 -8.38375
F1_KNU2_A 47.3516 206.981 -30.6687
F1_KNU3_A 51.2823 218.605 -40.9876
F2_KNU1_A 14.5138 210.373 -25.1815
F2_KNU1_B 12.4953 171.966 -9.43598
F2_KNU2_A 14.8379 232.78 -37.8995
F2_KNU3_A 14.4595 246.75 -48.2303
TH_KNU1_A -52.5409 142.215 21.3984
TH_KNU1_B -18.6947 115.618 38.7994
TH_KNU2_A -71.6295 160.949 4.3566
TH_KNU3_A -85.4876 173.762 -6.49038
PALM_POSITION -3.65316 156.819 2.15719
PALM_NORMAL -0.0495728 -0.73226 -0.679219
