F4_KNU1_A -41.5059 238.912 -35.9261
F4_KNU1_B -31.873 205.246 -16.6727
F4_KNU2_A -47.6579 255.388 -49.9316
F4_KNU3_A -52.3584 265.075 -61.6201
F3_KNU1_A -12.9479 245.431 -39.4346
F3_KNU1_B -11.3461 206.127 -17.9247
F3_KNU2_A -15.2884 265.979 -55.924
F3_KNU3_A -17.655 277.505 -68.8494
F1_KNU1_A 39.198 219.529 -29.8391
F1_KNU1_B 27.1876 193.067 -14.4376
F1_KNU2_A 44.6299 232.572 -41.2995
F1_KNU3_A 48.2542 242.357 -53.472
F2_KNU1_A 12.6943 238.587 -34.3394
F2_KNU1_B 9.24107 201.612 -15.6839
F2_KNU2_A 13.447 259.407 -49.5014
F2_KNU3_A 13.0532 271.727 -61.7525
TH_KNU1_A -56.4854 177.1 17.9648
TH_KNU1_B -23.5621 150.615 37.2103
TH_KNU2_A -75.6124 195.172 0.264659
TH_KNU3_A -88.622 207.568 -12.0231
PALM_POSITION -7.36208 188.205 -2.6765
PALM_NORMAL -0.102517 -0.77623 -0.622058
