F4_KNU1_A -45.7357 160.564 -53.373
F4_KNU1_B -40.9544 148.074 -12.5452
F4_KNU2_A -48.7227 152.463 -75.9485
F4_KNU3_A -50.2934 138.801 -86.0876
F3_KNU1_A -19.373 163.014 -60.6435
F3_KNU1_B -18.9408 149.336 -14.4264
F3_KNU2_A -23.0687 152.534 -86.8189
F3_KNU3_A -26.6671 136.919 -96.6357
F1_KNU1_A 28.9621 147.464 -37.6669
F1_KNU1_B 23.062 143.58 -3.02042
F1_KNU2_A 26.8363 137.373 -54.2859
F1_KNU3_A 21.5335 122.51 -61.2211
F2_KNU1_A 5.84669 153.246 -54.0744
F2_KNU1_B 3.33951 148.551 -9.71297
F2_KNU2_A 2.66617 137.83 -76.8699
F2_KNU3_A -1.4387 120.706 -83.1167
TH_KNU1_A -57.8664 138.262 27.6794
TH_KNU1_B -30.6289 140.579 69.4468
TH_KNU2_A -70.5735 133.145 -3.54328
TH_KNU3_A -78.9118 129.423 -25.0919
PALM_POSITION -14.1206 145.296 10.4493
PALM_NORMAL -0.0392118 -0.99905 0.0189972
