F4_KNU1_A -42.4835 242.448 -52.6462
F4_KNU1_B -33.8759 226.004 -17.2572
F4_KNU2_A -48.6858 248.768 -73.3109
F4_KNU3_A -53.8353 251.335 -88.1247
F3_KNU1_A -12.7567 235.853 -62.201
F3_KNU1_B -14.2691 220.434 -20.1297
F3_KNU2_A -13.9327 241.654 -87.9802
F3_KNU3_A -15.9071 243.482 -105.251
F1_KNU1_A 34.3628 201.7 -43.1235
F1_KNU1_B 20.4694 200.064 -13.3579
F1_KNU2_A 39.8711 200.097 -60.3878
F1_KNU3_A 42.9291 196.813 -75.7798
F2_KNU1_A 11.1793 223.751 -56.6704
F2_KNU1_B 4.89501 211.814 -17.3624
F2_KNU2_A 12.8766 227.988 -82.0297
F2_KNU3_A 12.6876 228.903 -99.3834
TH_KNU1_A -59.1844 225.161 31.5816
TH_KNU1_B -27.4534 201.186 55.5433
TH_KNU2_A -78.3028 238.044 9.8035
TH_KNU3_A -92.3887 248.148 -3.36326
PALM_POSITION -11.4212 210.859 1.54507
PALM_NORMAL -0.38465 -0.908148 -0.165264
