F4_KNU1_A -32.5963 243.935 -56.6719
F4_KNU1_B -27.4766 225.971 -21.3451
F4_KNU2_A -37.1211 251.937 -77.1883
F4_KNU3_A -41.2948 256.227 -91.9102
F3_KNU1_A -5.7748 229.555 -66.9413
F3_KNU1_B -9.65657 216.115 -24.3463
F3_KNU2_A -5.66295 235.303 -92.7589
F3_KNU3_A -6.84653 237.799 -110.018
F1_KNU1_A 31.569 185.887 -48.5012
F1_KNU1_B 19.4729 188.207 -18.0054
F1_KNU2_A 35.7534 182.877 -65.9482
F1_KNU3_A 37.4883 178.997 -81.4071
F2_KNU1_A 14.4242 212.284 -61.6567
F2_KNU1_B 7.01558 203.285 -21.7666
F2_KNU2_A 16.7087 215.783 -87.0825
F2_KNU3_A 16.8784 216.894 -104.425
TH_KNU1_A -52.3151 230.166 27.5262
TH_KNU1_B -27.1432 198.973 50.9603
TH_KNU2_A -67.9755 247.964 6.46079
TH_KNU3_A -79.3077 261.452 -6.32706
PALM_POSITION -9.14702 205.735 -2.8618
PALM_NORMAL -0.581822 -0.792659 -0.182141
