F4_KNU1_A -28.9459 244.946 -57.6426
F4_KNU1_B -25.8949 227.228 -21.9541
F4_KNU2_A -32.4177 253.204 -78.2623
F4_KNU3_A -35.9276 257.931 -93.0236
F3_KNU1_A -4.36739 226.329 -67.8658
F3_KNU1_B -9.61271 214.964 -24.8154
F3_KNU2_A -3.63565 231.224 -93.8487
F3_KNU3_A -4.51424 233.383 -111.172
F1_KNU1_A 25.35 177.993 -48.9092
F1_KNU1_B 15.4417 183.44 -18.0249
F1_KNU2_A 27.8943 173.56 -66.3689
F1_KNU3_A 27.9309 168.71 -81.6504
F2_KNU1_A 13.0647 205.937 -62.4038
F2_KNU1_B 5.15309 200.014 -22.0375
F2_KNU2_A 15.1895 207.696 -88.0225
F2_KNU3_A 14.9889 207.756 -105.4
TH_KNU1_A -49.337 235.93 26.9486
TH_KNU1_B -28.8953 201.772 50.8475
TH_KNU2_A -62.4216 255.964 6.13549
TH_KNU3_A -71.6886 270.711 -6.9231
PALM_POSITION -10.4214 205.008 -3.13999
PALM_NORMAL -0.686085 -0.708424 -0.165597
