F4_KNU1_A -24.2909 243.924 -58.6321
F4_KNU1_B -22.3173 227.143 -22.4188
F4_KNU2_A -27.2186 251.965 -79.4216
F4_KNU3_A -30.387 256.74 -94.2447
F3_KNU1_A -1.35598 221.442 -68.7964
F3_KNU1_B -7.65914 212.967 -25.2248
F3_KNU2_A 0.026362 225.03 -94.9652
F3_KNU3_A -0.411806 226.57 -112.371
F1_KNU1_A 21.9544 171.327 -48.864
F1_KNU1_B 13.6899 178.925 -17.9502
F1_KNU2_A 23.4509 166.061 -66.2132
F1_KNU3_A 22.4902 160.756 -81.3124
F2_KNU1_A 13.11 200.29 -62.9199
F2_KNU1_B 5.31782 196.47 -22.2776
F2_KNU2_A 15.1109 201.158 -88.5942
F2_KNU3_A 14.7981 200.864 -105.968
TH_KNU1_A -43.3701 239.526 26.0067
TH_KNU1_B -26.485 204.378 51.2116
TH_KNU2_A -54.5731 260.494 5.0161
TH_KNU3_A -62.3839 275.836 -8.30617
PALM_POSITION -9.09437 203.82 -3.22791
PALM_NORMAL -0.768212 -0.627216 -0.128264
