F4_KNU1_A -25.8557 243.529 -60.8559
F4_KNU1_B -23.7637 227.188 -24.4489
F4_KNU2_A -28.7735 251.371 -81.7228
F4_KNU3_A -31.8885 256.039 -96.5909
F3_KNU1_A -2.52763 220.894 -70.6901
F3_KNU1_B -9.06211 213.016 -27.0409
F3_KNU2_A -1.00726 224.115 -96.8991
F3_KNU3_A -1.35524 225.404 -114.327
F1_KNU1_A 20.8743 171.087 -50.0142
F1_KNU1_B 12.3638 179.129 -19.2801
F1_KNU2_A 22.5038 165.557 -67.269
F1_KNU3_A 21.6519 160.011 -82.2879
F2_KNU1_A 12.0931 199.867 -64.4747
F2_KNU1_B 3.95327 196.594 -23.8529
F2_KNU2_A 14.3034 200.374 -90.1416
F2_KNU3_A 14.1233 199.825 -107.511
TH_KNU1_A -44.9323 240.004 23.5705
TH_KNU1_B -28.0151 205.376 49.4649
TH_KNU2_A -56.2087 261.093 2.74153
TH_KNU3_A -64.0712 276.578 -10.3842
PALM_POSITION -10.516 204.153 -4.92894
PALM_NORMAL -0.766271 -0.630919 -0.121528
