F4_KNU1_A -32.2708 240.207 -61.6594
F4_KNU1_B -28.3741 224.029 -25.3277
F4_KNU2_A -35.9992 247.782 -82.4956
F4_KNU3_A -39.5536 252.163 -97.3526
F3_KNU1_A -5.4816 220.742 -70.7566
F3_KNU1_B -12.0284 211.681 -27.3394
F3_KNU2_A -3.943 224.258 -96.9266
F3_KNU3_A -4.27459 225.504 -114.358
F1_KNU1_A 24.4368 174.025 -48.7616
F1_KNU1_B 12.9721 180.586 -18.6417
F1_KNU2_A 27.9834 168.972 -65.8746
F1_KNU3_A 28.967 163.569 -80.9375
F2_KNU1_A 11.894 200.698 -63.9685
F2_KNU1_B 2.71835 196.92 -23.6121
F2_KNU2_A 14.8962 201.139 -89.5561
F2_KNU3_A 15.3297 200.327 -106.91
TH_KNU1_A -52.3629 234.334 21.6932
TH_KNU1_B -32.4585 202.127 48.5689
TH_KNU2_A -65.5092 254.639 1.18339
TH_KNU3_A -74.7767 269.482 -11.7655
PALM_POSITION -13.1557 202.787 -5.22127
PALM_NORMAL -0.682214 -0.717318 -0.141556
