F4_KNU1_A -40.7716 166.943 -58.732
F4_KNU1_B -36.0542 154.802 -17.7918
F4_KNU2_A -42.8172 153.202 -78.5112
F4_KNU3_A -42.9248 136.342 -81.2727
F3_KNU1_A -13.495 170.524 -65.5963
F3_KNU1_B -14.0707 156.765 -19.4051
F3_KNU2_A -16.7432 154.316 -88.7343
F3_KNU3_A -19.6414 135.905 -91.14
F1_KNU1_A 34.8209 154.49 -42.5577
F1_KNU1_B 27.9926 151.477 -7.99518
F1_KNU2_A 32.4801 142.199 -57.5907
F1_KNU3_A 26.7977 126.264 -60.8895
F2_KNU1_A 11.5506 159.977 -58.9548
F2_KNU1_B 8.18904 156.303 -14.5537
F2_KNU2_A 8.64693 141.469 -79.3609
F2_KNU3_A 4.7757 123.322 -81.5492
TH_KNU1_A -52.5285 139.354 21.4896
TH_KNU1_B -26.1048 142.757 63.703
TH_KNU2_A -65.9804 134.615 -9.47968
TH_KNU3_A -71.2727 129.564 -31.7106
PALM_POSITION -9.31689 151.393 5.23035
PALM_NORMAL -0.011984 -0.99912 -0.0401823
