F4_KNU1_A -39.4681 231.912 -62.9421
F4_KNU1_B -32.4411 216.031 -26.9518
F4_KNU2_A -44.5803 238.689 -83.7598
F4_KNU3_A -48.8573 242.131 -98.6735
F3_KNU1_A -7.77104 223.017 -70.6139
F3_KNU1_B -13.255 208.732 -28.4729
F3_KNU2_A -6.10002 229.314 -96.249
F3_KNU3_A -5.90567 232.212 -113.485
F1_KNU1_A 33.8689 186.182 -49.0098
F1_KNU1_B 18.7729 184.923 -19.817
F1_KNU2_A 40.4502 185.188 -65.9409
F1_KNU3_A 44.8261 183.052 -81.2162
F2_KNU1_A 14.994 208.085 -63.5968
F2_KNU1_B 4.73546 198.236 -24.5475
F2_KNU2_A 19.711 212.163 -88.5977
F2_KNU3_A 21.9025 213.702 -105.769
TH_KNU1_A -61.078 214.627 17.6634
TH_KNU1_B -34.4952 188.106 44.9719
TH_KNU2_A -78.2036 231.37 -3.12463
TH_KNU3_A -90.1875 243.164 -16.9511
PALM_POSITION -13.1386 198.154 -7.07937
PALM_NORMAL -0.450931 -0.860952 -0.235421
