F4_KNU1_A -40.5506 229.568 -64.1744
F4_KNU1_B -33.2217 214.178 -28.031
F4_KNU2_A -45.9251 235.345 -85.2261
F4_KNU3_A -50.4184 237.623 -100.299
F3_KNU1_A -8.13414 224.469 -70.884
F3_KNU1_B -13.5262 208.354 -29.3959
F3_KNU2_A -6.73029 231.132 -96.4423
F3_KNU3_A -6.85064 233.815 -113.714
F1_KNU1_A 35.3224 191.39 -49.3477
F1_KNU1_B 20.1312 187.005 -20.5086
F1_KNU2_A 41.9222 191.79 -66.2961
F1_KNU3_A 46.2436 190.588 -81.6886
F2_KNU1_A 15.7669 211.613 -63.5639
F2_KNU1_B 5.17048 199.234 -25.3333
F2_KNU2_A 20.5443 216.688 -88.3702
F2_KNU3_A 22.6575 218.52 -105.522
TH_KNU1_A -61.8648 210.709 16.3238
TH_KNU1_B -33.7978 185.95 43.8014
TH_KNU2_A -79.5604 225.992 -5.10196
TH_KNU3_A -92.0069 236.81 -19.3123
PALM_POSITION -12.8006 197.747 -8.02857
PALM_NORMAL -0.382479 -0.891805 -0.241648
