F4_KNU1_A -44.6618 223.405 -68.1009
F4_KNU1_B -36.6049 208.199 -32.0348
F4_KNU2_A -50.0098 227.714 -89.5081
F4_KNU3_A -54.17 228.054 -104.842
F3_KNU1_A -13.0204 226.376 -73.3237
F3_KNU1_B -16.0982 206.783 -33.1162
F3_KNU2_A -12.6793 233.78 -98.714
F3_KNU3_A -13.3353 236.074 -116.03
F1_KNU1_A 34.8485 204.553 -51.4467
F1_KNU1_B 21.2592 193.229 -23.7198
F1_KNU2_A 40.9413 208.212 -68.1936
F1_KNU3_A 45.0463 209.303 -83.6535
F2_KNU1_A 12.8591 219.407 -65.4432
F2_KNU1_B 4.07219 201.929 -28.7769
F2_KNU2_A 16.9267 226.802 -89.7886
F2_KNU3_A 18.7734 229.593 -106.842
TH_KNU1_A -64.1945 198.674 11.7284
TH_KNU1_B -32.0468 180.463 39.8468
TH_KNU2_A -83.0074 208.963 -11.6377
TH_KNU3_A -96.6186 216.497 -26.8646
PALM_POSITION -13.3879 196.569 -11.7169
PALM_NORMAL -0.176733 -0.953318 -0.244846
