F4_KNU1_A -50.7743 213.717 -72.3977
F4_KNU1_B -41.3094 198.66 -36.6122
F4_KNU2_A -55.7211 216.865 -94.1015
F4_KNU3_A -58.8043 215.657 -109.645
F3_KNU1_A -22.038 224.606 -76.3847
F3_KNU1_B -21.0985 202.48 -37.403
F3_KNU2_A -23.0247 232.298 -101.672
F3_KNU3_A -23.9098 233.931 -119.053
F1_KNU1_A 27.7474 215.352 -54.2956
F1_KNU1_B 18.3439 198.756 -27.5034
F1_KNU2_A 32.0853 221.119 -70.9957
F1_KNU3_A 35.0608 223.268 -86.6026
F2_KNU1_A 3.78507 224.402 -68.0755
F2_KNU1_B -0.415678 202.858 -32.7864
F2_KNU2_A 5.80648 233.093 -92.2477
F2_KNU3_A 6.7599 235.858 -109.379
TH_KNU1_A -65.9187 181.981 6.34027
TH_KNU1_B -30.8413 172.559 35.2644
TH_KNU2_A -84.4176 186.542 -19.0123
TH_KNU3_A -98.6664 190.195 -35.0591
PALM_POSITION -16.1782 193.159 -15.9903
PALM_NORMAL 0.073325 -0.965592 -0.249511
