F4_KNU1_A -49.2654 209.682 -78.4775
F4_KNU1_B -39.2867 195.448 -42.4952
F4_KNU2_A -53.9075 212.218 -100.328
F4_KNU3_A -56.4005 210.49 -115.928
F3_KNU1_A -22.1796 223.457 -81.9814
F3_KNU1_B -19.5486 201.254 -43.1213
F3_KNU2_A -23.5981 230.955 -107.307
F3_KNU3_A -24.4109 232.289 -124.716
F1_KNU1_A 27.7564 219.439 -59.2847
F1_KNU1_B 19.9656 201.534 -32.8192
F1_KNU2_A 31.5538 225.761 -75.9153
F1_KNU3_A 34.3395 228.209 -91.5131
F2_KNU1_A 3.09224 226.071 -73.2787
F2_KNU1_B 0.94603 203.716 -38.3106
F2_KNU2_A 4.31672 235.025 -97.4085
F2_KNU3_A 5.04345 237.772 -114.553
TH_KNU1_A -62.7106 176.333 0.468135
TH_KNU1_B -27.0102 170.972 29.6663
TH_KNU2_A -80.3583 178.379 -25.8024
TH_KNU3_A -94.6103 180.28 -42.1468
PALM_POSITION -13.945 192.604 -21.5952
PALM_NORMAL 0.17149 -0.955064 -0.24175
