F4_KNU1_A -57.9384 197.869 -82.8563
F4_KNU1_B -45.2651 189.154 -45.9737
F4_KNU2_A -62.1535 198.112 -104.938
F4_KNU3_A -63.1407 195.343 -120.556
F3_KNU1_A -38.4724 219.484 -87.4603
F3_KNU1_B -29.1144 201.844 -47.3198
F3_KNU2_A -41.9502 225.181 -113.054
F3_KNU3_A -42.9214 225.943 -130.49
F1_KNU1_A 7.70943 236.935 -64.2662
F1_KNU1_B 7.29038 217.617 -37.6515
F1_KNU2_A 8.76137 244.447 -80.8018
F1_KNU3_A 10.3238 248.222 -96.3052
F2_KNU1_A -17.4521 232.464 -78.688
F2_KNU1_B -11.09 212.128 -43.008
F2_KNU2_A -19.8813 241.02 -102.871
F2_KNU3_A -20.5159 244.062 -119.97
TH_KNU1_A -59.0447 164.836 -2.5886
TH_KNU1_B -25.7516 176.461 27.6143
TH_KNU2_A -73.6695 157.604 -29.7837
TH_KNU3_A -87.1124 152.287 -46.0594
PALM_POSITION -20.9891 197.535 -25.2969
PALM_NORMAL 0.518976 -0.83714 -0.172803
