F4_KNU1_A -34.554 213.877 -72.3781
F4_KNU1_B -27.9534 201.729 -34.8845
F4_KNU2_A -37.653 216.699 -94.4658
F4_KNU3_A -39.4077 216.191 -110.252
F3_KNU1_A -7.8763 223.865 -77.4509
F3_KNU1_B -8.02537 206.76 -36.0093
F3_KNU2_A -7.79426 229.472 -103.3
F3_KNU3_A -7.74491 230.458 -120.751
F1_KNU1_A 42.9609 218.233 -54.825
F1_KNU1_B 31.704 205.55 -26.645
F1_KNU2_A 48.5934 222.029 -71.702
F1_KNU3_A 52.9462 222.785 -87.114
F2_KNU1_A 17.35 225.553 -69.2801
F2_KNU1_B 12.6581 208.445 -31.6979
F2_KNU2_A 20.0137 231.74 -94.1508
F2_KNU3_A 21.6133 233.149 -111.398
TH_KNU1_A -50.1863 183.827 7.65306
TH_KNU1_B -14.9208 177.135 37.1042
TH_KNU2_A -66.8227 186.267 -19.2363
TH_KNU3_A -80.7266 188.632 -35.8184
PALM_POSITION -2.25056 198 -14.573
PALM_NORMAL 0.12849 -0.962149 -0.240331
