F4_KNU1_A -50.2312 160.288 -55.1012
F4_KNU1_B -43.4624 179.384 -17.2159
F4_KNU2_A -46.6186 137.808 -46.989
F4_KNU3_A -42.7385 133.574 -30.8976
F3_KNU1_A -29.6285 158.469 -60.6601
F3_KNU1_B -21.6709 182.418 -19.5942
F3_KNU2_A -30.6994 132.968 -48.1234
F3_KNU3_A -28.648 129.55 -29.7591
F1_KNU1_A 23.3623 158.857 -43.3158
F1_KNU1_B 21.1396 175.867 -12.3966
F1_KNU2_A 14.0738 142.738 -37.2782
F1_KNU3_A 7.66655 139.808 -21.5471
F2_KNU1_A -3.00838 160.224 -55.4411
F2_KNU1_B 0.865268 181.507 -16.3479
F2_KNU2_A -8.18361 135.366 -44.3644
F2_KNU3_A -9.21382 131.322 -26.1524
TH_KNU1_A -58.5415 148.691 18.5027
TH_KNU1_B -27.9461 147.808 57.935
TH_KNU2_A -74.2781 147.484 -11.72
TH_KNU3_A -72.4144 143.195 -34.6517
PALM_POSITION -15.2082 171.256 2.58674
PALM_NORMAL 0.00277108 -0.957635 -0.287972
