F4_KNU1_A -43.5579 229.761 -60.2334
F4_KNU1_B -36.4534 207.017 -28.1535
F4_KNU2_A -48.0646 238.549 -80.4298
F4_KNU3_A -51.458 242.061 -95.5529
F3_KNU1_A -14.5773 233.873 -66.7825
F3_KNU1_B -16.0041 207.717 -30.3973
F3_KNU2_A -15.1514 244.445 -91.0209
F3_KNU3_A -16.3502 248.287 -108.03
F1_KNU1_A 34.3328 212.922 -51.3857
F1_KNU1_B 22.8231 195.994 -25.6433
F1_KNU2_A 39.031 219.169 -67.8133
F1_KNU3_A 41.6899 222.004 -83.3677
F2_KNU1_A 10.2919 228.666 -60.9721
F2_KNU1_B 4.71782 203.939 -28.0387
F2_KNU2_A 12.204 239.812 -84.1248
F2_KNU3_A 12.5132 244.53 -100.848
TH_KNU1_A -60.2248 185.87 13.0453
TH_KNU1_B -25.2944 165.852 36.1741
TH_KNU2_A -77.9108 197.371 -10.634
TH_KNU3_A -92.0162 206.004 -24.7899
PALM_POSITION -11.1791 193.678 -11.7103
PALM_NORMAL -0.114596 -0.896166 -0.428665
