F4_KNU1_A -44.2408 236.079 -36.6412
F4_KNU1_B -34.8739 200.675 -20.6498
F4_KNU2_A -50.2563 253.869 -49.0014
F4_KNU3_A -54.8711 264.704 -59.6718
F3_KNU1_A -16.1654 243.329 -40.2527
F3_KNU1_B -14.4509 202.063 -22.8116
F3_KNU2_A -18.3602 265.936 -53.8062
F3_KNU3_A -20.5128 279.512 -64.6036
F1_KNU1_A 38.6741 215.93 -36.0046
F1_KNU1_B 24.3428 189.312 -23.0506
F1_KNU2_A 45.6832 229.656 -45.6717
F1_KNU3_A 50.9673 240.662 -56.0632
F2_KNU1_A 9.76661 235.863 -38.1737
F2_KNU1_B 6.27006 197.641 -22.2375
F2_KNU2_A 10.6818 258.021 -51.2939
F2_KNU3_A 10.4948 271.696 -62.0163
TH_KNU1_A -57.545 167.543 11.1469
TH_KNU1_B -23.1953 139.539 24.9903
TH_KNU2_A -77.4597 187.357 -3.56988
TH_KNU3_A -91.548 200.92 -13.1323
PALM_POSITION -9.49131 182.349 -10.3065
PALM_NORMAL -0.127153 -0.688654 -0.713854
