F4_KNU1_A -42.2146 226.364 -48.8162
F4_KNU1_B -32.9306 194.149 -27.0693
F4_KNU2_A -48.1787 242.39 -63.4122
F4_KNU3_A -52.797 252.154 -75.0695
F3_KNU1_A -13.5806 231.797 -53.9721
F3_KNU1_B -12.4902 194.252 -29.4936
F3_KNU2_A -15.4062 251.953 -71.0015
F3_KNU3_A -17.3214 263.839 -83.6732
F1_KNU1_A 42.2338 201.741 -45.9366
F1_KNU1_B 25.7239 179.978 -27.6202
F1_KNU2_A 50.6663 212.704 -57.7548
F1_KNU3_A 57.4367 221.371 -69.4203
F2_KNU1_A 12.3371 223.714 -50.8091
F2_KNU1_B 8.02956 189.1 -28.2164
F2_KNU2_A 13.946 243.625 -67.0847
F2_KNU3_A 14.3493 255.919 -79.3612
TH_KNU1_A -57.3801 166.97 9.8452
TH_KNU1_B -23.3893 141.395 28.4558
TH_KNU2_A -78.0574 184.193 -6.93469
TH_KNU3_A -93.1029 196.128 -17.1854
PALM_POSITION -8.24344 176.806 -13.7708
PALM_NORMAL -0.163481 -0.79572 -0.583184
