F4_KNU1_A -41.5418 217.839 -60.2318
F4_KNU1_B -32.1504 189.853 -33.2968
F4_KNU2_A -47.4858 231.582 -77.0016
F4_KNU3_A -52.0637 239.883 -89.7573
F3_KNU1_A -12.512 221.655 -66.5512
F3_KNU1_B -11.7099 189.199 -35.6323
F3_KNU2_A -14.0202 238.776 -86.6558
F3_KNU3_A -15.6421 248.719 -100.94
F1_KNU1_A 44.2648 191.623 -52.9609
F1_KNU1_B 26.2722 174.907 -31.0858
F1_KNU2_A 53.6548 199.73 -66.2679
F1_KNU3_A 61.4044 205.887 -78.8806
F2_KNU1_A 13.868 213.886 -61.8408
F2_KNU1_B 8.72503 184.045 -33.378
F2_KNU2_A 16.216 230.904 -81.0452
F2_KNU3_A 17.2582 241.363 -94.8852
TH_KNU1_A -57.7734 169.603 8.37536
TH_KNU1_B -23.4716 147.854 30.8731
TH_KNU2_A -79.3787 183.733 -10.0455
TH_KNU3_A -95.2689 193.857 -20.9488
PALM_POSITION -7.7473 174.816 -17.0036
PALM_NORMAL -0.17582 -0.885331 -0.430438
