F4_KNU1_A -49.1319 157.961 -51.2492
F4_KNU1_B -43.5009 184.417 -17.8701
F4_KNU2_A -44.9339 138.196 -37.9853
F4_KNU3_A -41.1927 136.889 -21.3657
F3_KNU1_A -29.4961 156.735 -56.2518
F3_KNU1_B -21.5686 186.883 -19.4888
F3_KNU2_A -30.6696 133.888 -39.3614
F3_KNU3_A -28.8215 132.613 -20.704
F1_KNU1_A 18.9065 155.555 -37.7368
F1_KNU1_B 20.7935 178.859 -11.2105
F1_KNU2_A 8.33156 142.804 -27.3376
F1_KNU3_A 2.4114 143.34 -11.1583
F2_KNU1_A -4.98093 155.844 -48.7611
F2_KNU1_B 0.820404 185.211 -15.592
F2_KNU2_A -10.4299 134.867 -31.5086
F2_KNU3_A -11.1926 134.146 -12.8541
TH_KNU1_A -61.2479 149.918 16.7795
TH_KNU1_B -31.2387 150.08 56.6692
TH_KNU2_A -74.8709 147.471 -14.3803
TH_KNU3_A -69.9882 142.263 -36.6686
PALM_POSITION -16.1202 174.852 2.50973
PALM_NORMAL -0.0153865 -0.947896 -0.318207
