F4_KNU1_A -50.4292 197.28 -69.16
F4_KNU1_B -37.4332 180.649 -35.2276
F4_KNU2_A -58.3185 204.536 -88.9222
F4_KNU3_A -64.2147 208.28 -103.197
F3_KNU1_A -20.1171 198.913 -78.261
F3_KNU1_B -17.0617 179.523 -37.9535
F3_KNU2_A -22.8608 208.011 -102.945
F3_KNU3_A -25.2275 212.55 -119.658
F1_KNU1_A 40.5651 173.873 -56.5139
F1_KNU1_B 21.3224 167.706 -30.5644
F1_KNU2_A 50.7218 175.955 -71.463
F1_KNU3_A 59.2266 176.712 -85.0328
F2_KNU1_A 7.0512 193.068 -72.4431
F2_KNU1_B 3.53206 175.519 -34.936
F2_KNU2_A 8.50739 202.271 -96.4662
F2_KNU3_A 9.03387 207.404 -113.061
TH_KNU1_A -62.6478 173.667 13.1266
TH_KNU1_B -26.0016 160.424 38.3749
TH_KNU2_A -86.24 181.297 -6.64605
TH_KNU3_A -104.278 188.471 -16.4963
PALM_POSITION -12.2562 171.581 -15.9664
PALM_NORMAL -0.170373 -0.976409 -0.132661
