F4_KNU1_A -55.3694 182.952 -71.7668
F4_KNU1_B -39.8989 175.593 -35.6641
F4_KNU2_A -64.5239 184.847 -92.2129
F4_KNU3_A -71.2209 184.77 -106.625
F3_KNU1_A -23.1846 184.282 -82.1911
F3_KNU1_B -19.5263 174.859 -38.5123
F3_KNU2_A -26.1338 187.337 -108.298
F3_KNU3_A -28.5384 187.841 -125.604
F1_KNU1_A 38.5301 166.569 -56.5952
F1_KNU1_B 19.4216 166.184 -29.8294
F1_KNU2_A 48.6457 165.359 -71.6676
F1_KNU3_A 57.1486 163.173 -85.0828
F2_KNU1_A 4.13843 180.071 -75.9312
F2_KNU1_B 1.25569 172.332 -35.2015
F2_KNU2_A 5.32164 183.113 -101.491
F2_KNU3_A 5.74786 184.084 -118.837
TH_KNU1_A -64.7266 176.607 14.3286
TH_KNU1_B -26.8244 169.349 40.1458
TH_KNU2_A -88.6839 179.212 -6.28756
TH_KNU3_A -107.325 183.934 -16.4898
PALM_POSITION -14.1464 171.185 -15.5525
PALM_NORMAL -0.127842 -0.990706 0.0464503
