F4_KNU1_A -55.7525 158.591 -66.3613
F4_KNU1_B -41.8885 173.677 -32.0522
F4_KNU2_A -63.7501 148.048 -84.5355
F4_KNU3_A -69.4733 139.432 -96.601
F3_KNU1_A -22.6314 155.684 -75.1141
F3_KNU1_B -21.3891 173.136 -33.8357
F3_KNU2_A -24.0972 142.521 -98.0095
F3_KNU3_A -25.469 132.307 -112.127
F1_KNU1_A 34.9579 156.804 -45.2285
F1_KNU1_B 17.454 171.186 -21.3862
F1_KNU2_A 43.9263 147.116 -57.7454
F1_KNU3_A 51.2194 137.357 -68.1681
F2_KNU1_A 4.70212 155.62 -66.3908
F2_KNU1_B -0.697611 173.478 -29.2556
F2_KNU2_A 7.17758 141.824 -88.0123
F2_KNU3_A 8.32754 131.072 -101.617
TH_KNU1_A -69.4482 188.206 14.6511
TH_KNU1_B -32.2503 199.485 40.0458
TH_KNU2_A -92.5048 177.242 -4.16234
TH_KNU3_A -111.968 176.012 -13.8352
PALM_POSITION -16.9693 179.415 -11.2387
PALM_NORMAL -0.0831096 -0.893035 0.442247
