F4_KNU1_A -51.4659 154.653 -52.1098
F4_KNU1_B -43.0878 184.882 -27.3531
F4_KNU2_A -55.7597 134.385 -60.8396
F4_KNU3_A -58.4118 119.01 -63.865
F3_KNU1_A -23.5832 152.824 -61.0881
F3_KNU1_B -22.6547 184.959 -29.8387
F3_KNU2_A -25.1847 129.798 -74.0041
F3_KNU3_A -26.7453 113.187 -79.2181
F1_KNU1_A 27.7041 162.101 -37.8264
F1_KNU1_B 16.6207 186.504 -18.7646
F1_KNU2_A 32.0276 146.235 -45.6058
F1_KNU3_A 34.4678 131.109 -50.3303
F2_KNU1_A 1.60318 155.913 -53.7029
F2_KNU1_B -1.86543 186.847 -26.1676
F2_KNU2_A 2.22981 133.212 -65.8768
F2_KNU3_A 1.82869 116.661 -71.1608
TH_KNU1_A -43.4065 180.549 20.5862
TH_KNU1_B -32.3598 221.335 39.8266
TH_KNU2_A -47.7729 151.875 7.75901
TH_KNU3_A -52.8709 132.728 -1.25538
PALM_POSITION -17.8091 194.655 -8.57639
PALM_NORMAL -0.0259552 -0.821539 0.569561
