F4_KNU1_A -51.5358 155.931 -53.3918
F4_KNU1_B -43.1963 185.813 -28.2049
F4_KNU2_A -55.5794 135.4 -61.6126
F4_KNU3_A -57.8947 119.83 -63.7993
F3_KNU1_A -24.1614 154.486 -62.9228
F3_KNU1_B -22.8224 186.066 -31.1274
F3_KNU2_A -26.0199 131.093 -75.1268
F3_KNU3_A -27.7264 114.181 -79.1998
F1_KNU1_A 27.0971 163.675 -40.9567
F1_KNU1_B 16.6758 187.538 -20.8658
F1_KNU2_A 30.6962 147.568 -48.6112
F1_KNU3_A 32.2159 132.122 -52.6302
F2_KNU1_A 1.06295 157.735 -56.206
F2_KNU1_B -1.96799 187.972 -27.8574
F2_KNU2_A 1.20041 134.658 -67.6675
F2_KNU3_A 0.364111 117.768 -71.675
TH_KNU1_A -41.44 180.175 19.1905
TH_KNU1_B -31.1923 220.573 39.6532
TH_KNU2_A -46.3206 152.047 5.37824
TH_KNU3_A -51.5827 133.242 -4.2419
PALM_POSITION -17.5644 195.235 -9.72953
PALM_NORMAL -0.00958405 -0.83614 0.548433
