F4_KNU1_A -50.9982 156.145 -54.4783
F4_KNU1_B -42.953 185.168 -28.2139
F4_KNU2_A -54.5626 135.544 -62.7454
F4_KNU3_A -56.3493 119.857 -64.5567
F3_KNU1_A -23.7194 155.317 -64.2405
F3_KNU1_B -22.6563 185.975 -31.5446
F3_KNU2_A -25.2745 131.81 -76.2641
F3_KNU3_A -26.7026 114.737 -79.7295
F1_KNU1_A 27.1128 164.694 -43.0775
F1_KNU1_B 17.015 187.881 -22.0511
F1_KNU2_A 30.3414 148.512 -50.7392
F1_KNU3_A 31.3839 132.92 -54.3234
F2_KNU1_A 1.44129 158.722 -57.7544
F2_KNU1_B -1.77994 188.195 -28.6321
F2_KNU2_A 1.73067 135.567 -69.0541
F2_KNU3_A 1.00917 118.555 -72.53
TH_KNU1_A -39.7848 177.618 18.8395
TH_KNU1_B -30.2085 217.425 40.7364
TH_KNU2_A -44.8336 150.076 3.94983
TH_KNU3_A -50.0286 131.606 -6.33408
PALM_POSITION -17.1285 194.388 -9.90557
PALM_NORMAL 0.0194519 -0.857497 0.514121
