F4_KNU1_A -50.6911 160.17 -56.9836
F4_KNU1_B -42.3999 187.089 -28.6377
F4_KNU2_A -54.2243 140 -66.2657
F4_KNU3_A -55.8598 124.356 -68.5336
F3_KNU1_A -23.6795 159.823 -66.9682
F3_KNU1_B -22.1613 188.14 -32.2423
F3_KNU2_A -25.424 136.932 -80.104
F3_KNU3_A -26.9148 119.978 -84.089
F1_KNU1_A 27.5128 167.501 -45.605
F1_KNU1_B 17.6569 189.565 -23.295
F1_KNU2_A 30.2703 151.321 -53.4524
F1_KNU3_A 30.6422 135.621 -56.6796
F2_KNU1_A 1.50322 162.542 -60.4106
F2_KNU1_B -1.24316 190.229 -29.5404
F2_KNU2_A 1.39198 139.552 -72.0459
F2_KNU3_A 0.364498 122.484 -75.1539
TH_KNU1_A -37.6676 176.279 18.2662
TH_KNU1_B -28.5762 215.195 41.9033
TH_KNU2_A -42.6251 149.424 2.14217
TH_KNU3_A -47.2916 131.278 -8.94046
PALM_POSITION -16.2928 195.257 -10.231
PALM_NORMAL 0.02895 -0.886654 0.461527
