F4_KNU1_A -39.8056 175.5 -63.1612
F4_KNU1_B -32.3561 191.344 -27.2397
F4_KNU2_A -42.9995 158.491 -77.5122
F4_KNU3_A -44.3755 143.61 -82.9179
F3_KNU1_A -13.9305 176.492 -72.1523
F3_KNU1_B -12.0766 192.825 -30.4411
F3_KNU2_A -16.3119 157.025 -89.8999
F3_KNU3_A -18.3379 140.836 -96.1714
F1_KNU1_A 37.3221 174.552 -48.3473
F1_KNU1_B 27.7083 190.854 -21.4491
F1_KNU2_A 39.182 159.951 -59.0394
F1_KNU3_A 38.263 144.883 -64.4396
F2_KNU1_A 11.1123 174.826 -64.2889
F2_KNU1_B 8.86775 193.613 -27.2871
F2_KNU2_A 10.1826 154.666 -80.3083
F2_KNU3_A 8.40839 138.35 -86.0227
TH_KNU1_A -28.4671 167.75 15.7489
TH_KNU1_B -18.3118 199.333 48.2321
TH_KNU2_A -32.4797 145.547 -6.53755
TH_KNU3_A -33.8759 130.092 -21.8046
PALM_POSITION -6.17843 193.687 -7.33139
PALM_NORMAL 0.00532102 -0.977899 0.209012
