F4_KNU1_A -36.8383 187.908 -67.0949
F4_KNU1_B -30.1981 195.697 -28.4668
F4_KNU2_A -39.9229 173.894 -84.4014
F4_KNU3_A -41.3817 160.093 -92.146
F3_KNU1_A -11.1791 190.077 -75.3665
F3_KNU1_B -9.83627 197.142 -31.1138
F3_KNU2_A -13.768 174.163 -96.334
F3_KNU3_A -16.1506 159.135 -104.938
F1_KNU1_A 39.8178 180.803 -51.2049
F1_KNU1_B 29.728 192.458 -22.1523
F1_KNU2_A 41.371 167.828 -63.8617
F1_KNU3_A 39.7919 153.594 -71.0689
F2_KNU1_A 14.3667 185.168 -67.3984
F2_KNU1_B 11.066 196.753 -27.6241
F2_KNU2_A 13.4807 167.759 -86.3742
F2_KNU3_A 11.411 152.368 -94.1749
TH_KNU1_A -28.731 164.185 10.3331
TH_KNU1_B -17.2101 189.695 47.3776
TH_KNU2_A -33.2768 145.981 -15.2347
TH_KNU3_A -33.7381 133.051 -32.7415
PALM_POSITION -4.30376 193.7 -8.15433
PALM_NORMAL -0.0237487 -0.999239 0.0309475
