F4_KNU1_A -44.8625 206.892 -69.9958
F4_KNU1_B -37.2996 201.244 -31.1654
F4_KNU2_A -48.7219 199.559 -90.8949
F4_KNU3_A -50.7825 189.166 -102.74
F3_KNU1_A -19.1394 210.482 -78.0073
F3_KNU1_B -16.9681 203.001 -33.8559
F3_KNU2_A -22.5226 201.807 -102.764
F3_KNU3_A -25.4834 190.006 -115.313
F1_KNU1_A 32.3772 192.427 -59.197
F1_KNU1_B 22.6344 195.023 -27.8916
F1_KNU2_A 32.6481 182.505 -74.4431
F1_KNU3_A 29.3088 169.772 -83.5957
F2_KNU1_A 6.92641 202.006 -72.7095
F2_KNU1_B 3.98635 201.15 -31.2641
F2_KNU2_A 4.99755 189.198 -94.9846
F2_KNU3_A 1.96312 175.266 -104.919
TH_KNU1_A -40.0805 160.189 -2.39605
TH_KNU1_B -22.8222 172.395 38.9434
TH_KNU2_A -46.8862 150.646 -31.8643
TH_KNU3_A -47.6421 143.394 -52.3755
PALM_POSITION -11.032 192.687 -13.1687
PALM_NORMAL -0.0514962 -0.961388 -0.270334
