F4_KNU1_A -56.3578 173.38 -73.7133
F4_KNU1_B -46.1469 188.221 -34.7102
F4_KNU2_A -54.5343 149.301 -74.7422
F4_KNU3_A -50.1679 137.096 -63.6113
F3_KNU1_A -28.8144 174.847 -81.0314
F3_KNU1_B -24.1816 190.706 -35.751
F3_KNU2_A -32.6863 146.708 -82.3708
F3_KNU3_A -33.8709 132.8 -69.7885
F1_KNU1_A 25.1029 167.873 -57.9795
F1_KNU1_B 17.9667 182.512 -26.5941
F1_KNU2_A 17.7805 150.414 -62.8877
F1_KNU3_A 7.78522 137.743 -56.8331
F2_KNU1_A -1.39723 173.114 -73.1178
F2_KNU1_B -1.89389 188.953 -31.3429
F2_KNU2_A -7.38028 146.562 -78.273
F2_KNU3_A -12.1801 130.78 -69.4978
TH_KNU1_A -69.6711 153.526 2.90749
TH_KNU1_B -35.6993 152.53 39.4683
TH_KNU2_A -74.4644 148.585 -30.4859
TH_KNU3_A -54.8794 142.216 -41.6032
PALM_POSITION -19.2694 178.275 -13.849
PALM_NORMAL -0.00769558 -0.94195 -0.335665
