F4_KNU1_A -41.3028 189.959 -69.7211
F4_KNU1_B -34.8445 182.271 -31.042
F4_KNU2_A -44.8431 187.665 -91.8037
F4_KNU3_A -47.1485 182.55 -106.672
F3_KNU1_A -13.049 193.642 -76.6277
F3_KNU1_B -14.4019 183.788 -32.9117
F3_KNU2_A -13.8238 192.036 -103.017
F3_KNU3_A -15.12 187.197 -119.763
F1_KNU1_A 37.7847 174.253 -58.1179
F1_KNU1_B 24.7485 173.296 -27.9378
F1_KNU2_A 41.6477 169.697 -75.302
F1_KNU3_A 42.5388 162.561 -89.6311
F2_KNU1_A 12.8216 187.701 -70.7975
F2_KNU1_B 6.40482 180.67 -30.3438
F2_KNU2_A 14.4104 184.829 -96.3544
F2_KNU3_A 14.1673 179.226 -112.803
TH_KNU1_A -55.1908 155.155 2.30586
TH_KNU1_B -23.1947 139.144 31.8979
TH_KNU2_A -73.6007 165.074 -21.5363
TH_KNU3_A -87.6507 172.31 -36.5069
PALM_POSITION -9.3596 169.239 -14.678
PALM_NORMAL -0.0751203 -0.882951 -0.463416
