F4_KNU1_A -41.4984 187.087 -69.5728
F4_KNU1_B -34.7068 178.781 -31.0789
F4_KNU2_A -45.2723 188.572 -91.6859
F4_KNU3_A -47.8772 187.873 -107.347
F3_KNU1_A -14.3912 193.195 -76.1642
F3_KNU1_B -14.3115 180.674 -33.1151
F3_KNU2_A -14.9736 197.81 -102.202
F3_KNU3_A -15.6367 199.376 -119.598
F1_KNU1_A 37.0077 177.179 -58.3332
F1_KNU1_B 25.07 170.996 -28.3172
F1_KNU2_A 42.6208 178.678 -75.5731
F1_KNU3_A 46.8238 178.645 -91.045
F2_KNU1_A 11.9527 190.138 -70.0432
F2_KNU1_B 6.5697 177.988 -30.667
F2_KNU2_A 14.6728 195.5 -95.0988
F2_KNU3_A 16.1625 197.92 -112.244
TH_KNU1_A -54.7437 152.816 3.86325
TH_KNU1_B -21.771 136.573 32.2318
TH_KNU2_A -73.9384 162.984 -19.2439
TH_KNU3_A -88.078 170.242 -34.1189
PALM_POSITION -8.85703 166.423 -14.7642
PALM_NORMAL -0.0612425 -0.889216 -0.45337
