F4_KNU1_A -41.4877 186.454 -68.9726
F4_KNU1_B -33.8479 175.985 -31.1716
F4_KNU2_A -45.7733 190.564 -90.6562
F4_KNU3_A -48.7815 192.454 -106.146
F3_KNU1_A -14.7519 193.2 -75.5922
F3_KNU1_B -13.4946 178.104 -33.3959
F3_KNU2_A -15.7757 200.587 -100.969
F3_KNU3_A -16.6035 204.628 -117.955
F1_KNU1_A 35.18 178.514 -58.6316
F1_KNU1_B 26.0549 169.23 -28.4284
F1_KNU2_A 39.6366 182.365 -75.8442
F1_KNU3_A 43.121 184.822 -91.2996
F2_KNU1_A 11.4102 190.683 -69.5695
F2_KNU1_B 7.43745 175.837 -30.9569
F2_KNU2_A 13.5541 198.679 -93.9701
F2_KNU3_A 14.8186 203.386 -110.652
TH_KNU1_A -53.5369 152.312 5.78943
TH_KNU1_B -19.9504 136.584 33.7245
TH_KNU2_A -72.6733 161.901 -17.6116
TH_KNU3_A -86.5868 168.728 -32.8982
PALM_POSITION -7.73042 164.694 -14.5132
PALM_NORMAL -0.0497386 -0.907718 -0.416623
