F4_KNU1_A -39.1557 164.237 -71.8789
F4_KNU1_B -32.6136 162.625 -32.4898
F4_KNU2_A -42.4857 160.638 -93.8195
F4_KNU3_A -44.5761 155.646 -108.762
F3_KNU1_A -14.7898 185.765 -74.3604
F3_KNU1_B -12.3184 165.421 -34.4848
F3_KNU2_A -16.6293 195.368 -98.9364
F3_KNU3_A -18.0625 200.227 -115.666
F1_KNU1_A 35.0262 173.469 -55.6994
F1_KNU1_B 27.3938 159.934 -26.7124
F1_KNU2_A 38.5401 178.879 -72.7096
F1_KNU3_A 41.0402 181.96 -88.2437
F2_KNU1_A 11.4565 184.469 -67.5621
F2_KNU1_B 8.58631 164.86 -31.0333
F2_KNU2_A 12.7843 194.399 -91.3015
F2_KNU3_A 13.3955 199.675 -107.849
TH_KNU1_A -52.3685 148.762 8.61319
TH_KNU1_B -19.3756 137.405 39.2445
TH_KNU2_A -71.1061 154.904 -16.2252
TH_KNU3_A -85.0307 159.567 -32.2949
PALM_POSITION -6.65279 156.276 -13.181
PALM_NORMAL 0.0122201 -0.972602 -0.232156
