F4_KNU1_A -31.2845 136.9 -64.1339
F4_KNU1_B -29.0347 157.828 -30.1657
F4_KNU2_A -31.6827 118.827 -77.4999
F4_KNU3_A -31.5424 104.139 -83.5677
F3_KNU1_A -11.804 180.36 -71.9736
F3_KNU1_B -8.68401 160.323 -31.9883
F3_KNU2_A -14.1954 189.098 -96.8234
F3_KNU3_A -16.0847 192.939 -113.771
F1_KNU1_A 37.8722 168.315 -52.6001
F1_KNU1_B 30.8586 154.64 -23.5225
F1_KNU2_A 40.8445 173.335 -69.8318
F1_KNU3_A 42.6951 175.667 -85.5857
F2_KNU1_A 14.0046 178.781 -65.0887
F2_KNU1_B 12.1673 159.636 -28.2485
F2_KNU2_A 14.5379 187.969 -89.1561
F2_KNU3_A 14.5208 192.441 -105.949
TH_KNU1_A -50.0713 144.139 11.2855
TH_KNU1_B -17.0047 134.863 42.532
TH_KNU2_A -67.5935 148.092 -14.851
TH_KNU3_A -81.0303 151.449 -31.6455
PALM_POSITION -3.3972 151.828 -10.3209
PALM_NORMAL 0.00352974 -0.979875 -0.19958
