F4_KNU1_A -28.1409 126.125 -55.6524
F4_KNU1_B -27.6217 156.871 -30.1322
F4_KNU2_A -26.6287 103.775 -57.5583
F4_KNU3_A -24.9924 88.4803 -53.5638
F3_KNU1_A -11.9743 175.789 -73.3107
F3_KNU1_B -7.3173 159.892 -31.65
F3_KNU2_A -15.1857 181.79 -98.8701
F3_KNU3_A -17.5465 183.728 -116.08
F1_KNU1_A 38.6741 168.356 -52.0714
F1_KNU1_B 32.2313 155.188 -22.6303
F1_KNU2_A 41.4579 173.26 -69.368
F1_KNU3_A 43.2604 175.653 -85.1183
F2_KNU1_A 14.202 177.782 -65.0332
F2_KNU1_B 13.4886 159.724 -27.61
F2_KNU2_A 14.1525 186.516 -89.2746
F2_KNU3_A 13.8204 190.853 -106.1
TH_KNU1_A -49.3346 143.321 11.6594
TH_KNU1_B -16.0592 133.938 42.6513
TH_KNU2_A -66.4684 147.326 -14.7254
TH_KNU3_A -80.1823 150.896 -31.25
PALM_POSITION -2.12834 151.451 -9.93808
PALM_NORMAL 0.0314835 -0.978682 -0.202956
