F4_KNU1_A -51.5241 182.643 -68.8903
F4_KNU1_B -42.7041 189.827 -27.4613
F4_KNU2_A -52.3997 160.162 -77.7247
F4_KNU3_A -50.4024 144.127 -72.1738
F3_KNU1_A -23.7289 185.143 -76.8507
F3_KNU1_B -20.7368 191.852 -29.2132
F3_KNU2_A -28.4374 159.593 -88.4111
F3_KNU3_A -31.1775 141.833 -82.914
F1_KNU1_A 29.5249 171.445 -54.1808
F1_KNU1_B 21.5046 182.618 -21.6063
F1_KNU2_A 25.2932 155.81 -65.1445
F1_KNU3_A 17.3289 140.652 -67.124
F2_KNU1_A 3.54902 179.358 -69.0479
F2_KNU1_B 1.64248 189.554 -25.589
F2_KNU2_A -0.952799 157.009 -84.7847
F2_KNU3_A -5.7798 139.032 -86.3972
TH_KNU1_A -66.1058 155.369 10.87
TH_KNU1_B -30.5566 152.848 45.8223
TH_KNU2_A -76.1696 152.194 -21.5514
TH_KNU3_A -58.8443 145.56 -35.8189
PALM_POSITION -15.366 179.002 -7.66349
PALM_NORMAL -0.0397735 -0.936607 -0.348117
