F4_KNU1_A -26.2772 139.123 -67.8421
F4_KNU1_B -24.4746 159.342 -33.4205
F4_KNU2_A -24.7814 116.855 -70.5513
F4_KNU3_A -22.9704 102.686 -63.5876
F3_KNU1_A -6.828 180.114 -74.8617
F3_KNU1_B -4.09809 162.226 -33.8421
F3_KNU2_A -8.99238 186.383 -100.467
F3_KNU3_A -10.7071 187.961 -117.79
F1_KNU1_A 40.6655 170.465 -52.8174
F1_KNU1_B 35.004 156.198 -23.7297
F1_KNU2_A 42.7404 175.35 -70.2185
F1_KNU3_A 43.7136 177.247 -86.1088
F2_KNU1_A 16.6196 180.586 -65.8829
F2_KNU1_B 16.5229 161.416 -29.0099
F2_KNU2_A 15.941 188.924 -90.2539
F2_KNU3_A 15.0528 192.329 -107.273
TH_KNU1_A -49.4013 143.459 8.06157
TH_KNU1_B -16.1066 129.647 37.3272
TH_KNU2_A -65.5995 150.684 -18.2287
TH_KNU3_A -80.3322 156.873 -33.0112
PALM_POSITION 0.12161 151.752 -12.8166
PALM_NORMAL 0.0307123 -0.956121 -0.291359
