F4_KNU1_A -28.4681 160.166 -72.8359
F4_KNU1_B -25.7177 160.661 -32.9726
F4_KNU2_A -28.98 147.769 -91.5839
F4_KNU3_A -28.7026 134.298 -100.01
F3_KNU1_A -6.45764 179.978 -75.1629
F3_KNU1_B -5.31614 163.333 -33.5499
F3_KNU2_A -7.71937 185.326 -101.036
F3_KNU3_A -8.86478 186.245 -118.453
F1_KNU1_A 40.5699 169.785 -53.4715
F1_KNU1_B 33.8334 156.535 -24.1332
F1_KNU2_A 43.2174 174.186 -70.924
F1_KNU3_A 44.6801 175.767 -86.8114
F2_KNU1_A 16.9597 179.943 -66.5183
F2_KNU1_B 15.351 162.132 -29.0043
F2_KNU2_A 17.1863 187.31 -91.2084
F2_KNU3_A 16.8855 190.033 -108.37
TH_KNU1_A -49.5799 142.569 6.86216
TH_KNU1_B -16.8386 128.495 36.6235
TH_KNU2_A -66.1093 150.269 -19.085
TH_KNU3_A -80.4956 156.561 -34.162
PALM_POSITION -0.963631 152.106 -12.9437
PALM_NORMAL 0.0162557 -0.945982 -0.32381
