F4_KNU1_A -34.9462 175.268 -65.672
F4_KNU1_B -26.957 161.992 -28.8369
F4_KNU2_A -39.4819 180.61 -87.0338
F4_KNU3_A -42.6883 183.096 -102.399
F3_KNU1_A -6.78383 174.824 -73.9706
F3_KNU1_B -6.52695 163.879 -30.4947
F3_KNU2_A -7.54201 177.748 -100.248
F3_KNU3_A -8.3657 177.732 -117.707
F1_KNU1_A 40.7479 166.858 -53.041
F1_KNU1_B 32.7757 155.519 -23.2154
F1_KNU2_A 43.9844 170.388 -70.5918
F1_KNU3_A 45.897 171.388 -86.4786
F2_KNU1_A 17.7748 177.88 -65.2528
F2_KNU1_B 14.291 161.855 -27.0671
F2_KNU2_A 19.0945 184.509 -90.1174
F2_KNU3_A 19.4838 186.993 -107.313
TH_KNU1_A -47.9633 143.106 9.82166
TH_KNU1_B -15.6337 129.08 40.0516
TH_KNU2_A -64.7394 150.601 -16.0269
TH_KNU3_A -78.1115 156.48 -32.1669
PALM_POSITION -1.5206 152.367 -10.1972
PALM_NORMAL -0.0377749 -0.943891 -0.328089
