F4_KNU1_A -63.746 198.659 -61.768
F4_KNU1_B -53.5698 191.557 -20.6369
F4_KNU2_A -69.0267 190.713 -83.9755
F4_KNU3_A -71.9036 179.545 -96.5817
F3_KNU1_A -34.1019 199.618 -71.1564
F3_KNU1_B -31.6609 192.781 -23.5057
F3_KNU2_A -38.471 189.782 -97.4773
F3_KNU3_A -42.3575 177.333 -111.007
F1_KNU1_A 19.7452 176.813 -53.6908
F1_KNU1_B 10.3896 180.715 -19.8157
F1_KNU2_A 17.9577 166.1 -69.9568
F1_KNU3_A 12.1978 153.089 -79.6856
F2_KNU1_A -7.17582 192.939 -66.0821
F2_KNU1_B -9.26687 189.011 -21.6247
F2_KNU2_A -10.6229 181.629 -91.134
F2_KNU3_A -14.9472 168.374 -103.572
TH_KNU1_A -76.5844 159.698 16.8009
TH_KNU1_B -39.2708 144.889 46.4683
TH_KNU2_A -95.1466 167.456 -10.7267
TH_KNU3_A -110.649 173.732 -27.0974
PALM_POSITION -25.7687 177.018 -4.13644
PALM_NORMAL -0.109637 -0.880872 -0.460483
