F4_KNU1_A -33.1499 188.877 -60.4608
F4_KNU1_B -26.8741 179.761 -22.0628
F4_KNU2_A -35.9976 185.346 -82.4803
F4_KNU3_A -37.4097 178.226 -96.6179
F3_KNU1_A -12.8141 147.854 -50.772
F3_KNU1_B -6.49902 182.515 -23.0453
F3_KNU2_A -15.8281 121.684 -53.1463
F3_KNU3_A -17.3207 104.615 -49.6884
F1_KNU1_A 33.4867 183.164 -47.3578
F1_KNU1_B 32.9235 174.993 -15.5049
F1_KNU2_A 33.3989 186.644 -65.2143
F1_KNU3_A 33.0496 188.993 -81.0701
F2_KNU1_A 15.4282 183.468 -60.745
F2_KNU1_B 14.3005 180.961 -19.2777
F2_KNU2_A 15.6076 182.611 -86.497
F2_KNU3_A 15.4657 180.82 -103.783
TH_KNU1_A -47.2249 158.233 14.2243
TH_KNU1_B -15.8236 141.599 44.1088
TH_KNU2_A -63.2444 168.178 -11.2753
TH_KNU3_A -73.8962 174.905 -29.0283
PALM_POSITION -1.50573 169.524 -3.65769
PALM_NORMAL 0.00531775 -0.913693 -0.406369
