F4_KNU1_A -29.6233 180.259 -59.7045
F4_KNU1_B -26.4444 184.345 -20.08
F4_KNU2_A -29.846 168.258 -78.7139
F4_KNU3_A -29.2062 156.021 -88.8336
F3_KNU1_A -10.8973 152.963 -48.2406
F3_KNU1_B -6.23507 188.171 -20.8792
F3_KNU2_A -12.2756 126.58 -49.5219
F3_KNU3_A -12.6039 109.626 -45.2798
F1_KNU1_A 33.2914 188.859 -45.9788
F1_KNU1_B 33.5314 182.196 -13.7726
F1_KNU2_A 32.7138 191.186 -64.0126
F1_KNU3_A 31.9148 192.338 -79.9839
F2_KNU1_A 12.5709 182.573 -58.4167
F2_KNU1_B 14.6246 187.438 -17.1951
F2_KNU2_A 10.7054 175.497 -83.1226
F2_KNU3_A 9.19333 168.925 -99.1396
TH_KNU1_A -44.9939 160.483 14.626
TH_KNU1_B -13.3497 142.884 43.6901
TH_KNU2_A -60.3626 171.51 -10.8294
TH_KNU3_A -69.814 178.845 -29.0157
PALM_POSITION -0.554354 174.307 -2.30249
PALM_NORMAL 0.0501779 -0.886249 -0.460483
