F4_KNU1_A -28.4156 174.486 -58.5449
F4_KNU1_B -26.7021 186.059 -20.3349
F4_KNU2_A -27.7386 158.874 -74.7082
F4_KNU3_A -26.5706 144.999 -82.3678
F3_KNU1_A -11.0956 164.698 -57.6586
F3_KNU1_B -6.4729 189.833 -20.8228
F3_KNU2_A -13.2576 140.316 -67.6819
F3_KNU3_A -14.2661 122.91 -68.9153
F1_KNU1_A 33.8235 193.662 -44.9253
F1_KNU1_B 33.2161 183.398 -13.6847
F1_KNU2_A 33.3686 196.983 -62.8063
F1_KNU3_A 32.4384 198.278 -78.7595
F2_KNU1_A 11.5206 174.517 -55.9225
F2_KNU1_B 14.3556 188.858 -17.0203
F2_KNU2_A 8.91692 160.183 -77.1757
F2_KNU3_A 6.86074 148.538 -89.9109
TH_KNU1_A -44.9404 160.611 12.3424
TH_KNU1_B -14.2441 141.879 41.7133
TH_KNU2_A -59.9714 172.629 -12.8647
TH_KNU3_A -69.3444 180.7 -30.7779
PALM_POSITION -0.984548 175.17 -2.80982
PALM_NORMAL 0.0502528 -0.866131 -0.497285
