F4_KNU1_A -27.6912 171.943 -57.4322
F4_KNU1_B -26.6666 187.447 -20.6151
F4_KNU2_A -26.2807 154.342 -71.3477
F4_KNU3_A -24.5557 139.62 -77.0794
F3_KNU1_A -10.6709 170.685 -60.3192
F3_KNU1_B -6.4698 191.416 -20.7894
F3_KNU2_A -12.7161 148.151 -74.0176
F3_KNU3_A -13.7233 131.198 -78.1528
F1_KNU1_A 34.2068 196.51 -44.5321
F1_KNU1_B 33.2352 184.973 -13.7484
F1_KNU2_A 33.6302 199.497 -62.4684
F1_KNU3_A 32.3858 199.77 -78.4504
F2_KNU1_A 12.5685 176.555 -56.0495
F2_KNU1_B 14.3451 190.431 -16.9161
F2_KNU2_A 9.95305 159.236 -74.9468
F2_KNU3_A 7.70342 144.878 -84.4769
TH_KNU1_A -44.6466 160.109 10.3227
TH_KNU1_B -14.1569 140.282 39.1857
TH_KNU2_A -59.9125 173.222 -14.1878
TH_KNU3_A -69.3254 182.07 -31.7088
PALM_POSITION -0.949998 175.905 -3.51073
PALM_NORMAL 0.0608096 -0.839291 -0.540271
