F4_KNU1_A -28.2555 173.62 -57.2012
F4_KNU1_B -26.7718 189.321 -20.4838
F4_KNU2_A -26.9291 157.078 -72.369
F4_KNU3_A -25.1855 143.214 -79.939
F3_KNU1_A -11.9006 167.489 -56.4603
F3_KNU1_B -6.60383 193.433 -20.282
F3_KNU2_A -13.4831 143.989 -68.4964
F3_KNU3_A -13.8986 126.98 -72.5009
F1_KNU1_A 35.0916 197.764 -44.5956
F1_KNU1_B 33.1316 186.72 -13.6784
F1_KNU2_A 34.7184 199.566 -62.6948
F1_KNU3_A 33.4483 198.265 -78.624
F2_KNU1_A 13.9888 178.069 -55.4963
F2_KNU1_B 14.2094 192.284 -16.445
F2_KNU2_A 12.0784 161.596 -75.2176
F2_KNU3_A 10.1602 148.084 -85.9765
TH_KNU1_A -44.9839 158.41 7.69489
TH_KNU1_B -14.0491 137.561 35.3382
TH_KNU2_A -61.1027 172.676 -15.5954
TH_KNU3_A -70.1245 182.299 -32.9121
PALM_POSITION -1.00897 176.614 -4.30014
PALM_NORMAL 0.0680028 -0.792367 -0.606242
