F4_KNU1_A -27.9684 177.802 -62.766
F4_KNU1_B -23.7409 183.488 -23.4381
F4_KNU2_A -29.646 171.336 -84.2326
F4_KNU3_A -30.5138 165.397 -98.9478
F3_KNU1_A -4.09661 182.337 -66.7668
F3_KNU1_B -3.40353 186.379 -22.1215
F3_KNU2_A -4.85882 176.54 -92.5624
F3_KNU3_A -5.50439 171.33 -109.235
F1_KNU1_A 39.8696 186.573 -45.7835
F1_KNU1_B 35.5883 176.801 -14.6728
F1_KNU2_A 41.1031 189.319 -63.7252
F1_KNU3_A 41.4591 190.028 -79.7382
F2_KNU1_A 20.4239 176.601 -58.4505
F2_KNU1_B 17.1346 183.683 -17.6324
F2_KNU2_A 21.3403 168.725 -82.9671
F2_KNU3_A 21.4919 162.04 -99.0081
TH_KNU1_A -46.7269 148.832 1.06112
TH_KNU1_B -16.2515 126.413 27.9761
TH_KNU2_A -62.9437 164.353 -21.3421
TH_KNU3_A -73.1328 174.975 -37.38
PALM_POSITION 0.578229 167.935 -7.50761
PALM_NORMAL 0.0497613 -0.739252 -0.671588
