F4_KNU1_A -26.9291 181.08 -65.7951
F4_KNU1_B -24.4158 182.606 -25.9423
F4_KNU2_A -28.3769 179.282 -88.1582
F4_KNU3_A -29.4155 177.562 -103.923
F3_KNU1_A -1.80287 194.847 -70.0424
F3_KNU1_B -3.85879 183.234 -26.7879
F3_KNU2_A -2.34175 194.667 -96.4862
F3_KNU3_A -3.59258 190.887 -113.506
F1_KNU1_A 46.8525 170.309 -51.1929
F1_KNU1_B 34.4836 170.561 -20.7194
F1_KNU2_A 50.2271 165.637 -68.4486
F1_KNU3_A 50.7873 158.862 -82.9686
F2_KNU1_A 25.648 191.967 -61.9096
F2_KNU1_B 16.6351 178.954 -23.4837
F2_KNU2_A 27.1655 189.123 -87.4739
F2_KNU3_A 25.7047 181.298 -102.923
TH_KNU1_A -44.4212 151.096 0.0538413
TH_KNU1_B -17.8001 135.23 34.6283
TH_KNU2_A -63.2334 162.112 -22.9788
TH_KNU3_A -76.7032 169.828 -38.24
PALM_POSITION -0.373062 167.378 -9.29433
PALM_NORMAL -0.0932357 -0.848546 -0.520842
