F4_KNU1_A -29.2442 180.335 -67.8961
F4_KNU1_B -26.8127 176.223 -28.2214
F4_KNU2_A -30.5186 180.431 -90.3416
F4_KNU3_A -31.368 179.402 -106.178
F3_KNU1_A -4.56215 196.313 -69.9058
F3_KNU1_B -6.36634 178.53 -28.7894
F3_KNU2_A -5.20109 196.868 -96.3422
F3_KNU3_A -6.47023 191.991 -113.079
F1_KNU1_A 42.727 186.124 -49.4907
F1_KNU1_B 32.8382 168.314 -23.6701
F1_KNU2_A 45.3024 190.163 -67.0413
F1_KNU3_A 45.167 189.013 -83.0321
F2_KNU1_A 22.3546 191.169 -63.4103
F2_KNU1_B 14.3929 175.537 -25.736
F2_KNU2_A 24.1312 190.276 -89.1003
F2_KNU3_A 23.4572 184.036 -105.306
TH_KNU1_A -45.4498 146.737 -0.805959
TH_KNU1_B -16.6316 123.491 27.2106
TH_KNU2_A -65.5184 162.63 -19.526
TH_KNU3_A -75.4423 173.119 -35.816
PALM_POSITION -1.68553 161.268 -12.9878
PALM_NORMAL -0.0254288 -0.794753 -0.6064
