F4_KNU1_A -43.8419 161.824 -57.4554
F4_KNU1_B -37.2532 171.109 -16.0288
F4_KNU2_A -47.2631 152.257 -79.3863
F4_KNU3_A -49.4859 143.459 -93.8632
F3_KNU1_A -18.955 189.935 -64.5858
F3_KNU1_B -15.4951 173.042 -19.5756
F3_KNU2_A -21.1928 198.969 -91.456
F3_KNU3_A -22.7824 204.401 -109.376
F1_KNU1_A 29.8842 178.396 -46.904
F1_KNU1_B 27.2682 164.501 -14.4945
F1_KNU2_A 30.9575 185.286 -65.1775
F1_KNU3_A 31.6194 190.746 -81.5133
F2_KNU1_A 6.80225 188.493 -58.6252
F2_KNU1_B 7.10995 171.074 -17.4825
F2_KNU2_A 6.38445 198.513 -84.4483
F2_KNU3_A 5.96952 204.807 -102.035
TH_KNU1_A -54.3795 152.702 25.5495
TH_KNU1_B -19.3658 139.804 58.7074
TH_KNU2_A -73.8279 159.392 -1.64444
TH_KNU3_A -88.2555 164.488 -19.3533
PALM_POSITION -8.42605 161.87 2.4147
PALM_NORMAL -0.0583839 -0.960333 -0.272677
