F4_KNU1_A -28.8163 183.996 -64.7979
F4_KNU1_B -24.7381 173.733 -26.393
F4_KNU2_A -30.7867 186.61 -87.0402
F4_KNU3_A -31.9841 186.717 -102.887
F3_KNU1_A -3.97094 193.686 -68.4647
F3_KNU1_B -4.46092 177.255 -26.7539
F3_KNU2_A -3.91429 200.967 -93.8926
F3_KNU3_A -4.00009 204.47 -111.017
F1_KNU1_A 40.8816 187.628 -46.9183
F1_KNU1_B 35.1226 170.167 -19.6484
F1_KNU2_A 43.5979 196.04 -62.8185
F1_KNU3_A 45.6333 202.497 -77.3517
F2_KNU1_A 23.2841 181.782 -63.4752
F2_KNU1_B 16.3428 175.935 -22.9199
F2_KNU2_A 26.5751 180.935 -89.017
F2_KNU3_A 28.2401 178.129 -106.087
TH_KNU1_A -42.8509 147.581 4.97517
TH_KNU1_B -13.0181 128.15 34.7782
TH_KNU2_A -61.6567 160.707 -16.9294
TH_KNU3_A -71.4692 169.251 -34.3819
PALM_POSITION 0.789486 162.161 -9.028
PALM_NORMAL 0.0405281 -0.85647 -0.514604
