F4_KNU1_A -24.685 180.793 -64.592
F4_KNU1_B -20.1913 169.974 -26.3865
F4_KNU2_A -26.8874 183.856 -86.7551
F4_KNU3_A -28.2357 184.26 -102.585
F3_KNU1_A 2.40228 188.846 -67.7662
F3_KNU1_B 0.0823967 173.471 -25.7157
F3_KNU2_A 3.60527 195.568 -93.3194
F3_KNU3_A 4.30413 198.692 -110.503
F1_KNU1_A 44.5142 184.427 -42.4574
F1_KNU1_B 38.9784 167.528 -14.7905
F1_KNU2_A 46.5523 190.566 -59.461
F1_KNU3_A 47.5155 193.374 -75.2165
F2_KNU1_A 24.809 155.027 -57.5518
F2_KNU1_B 20.5351 172.744 -20.2028
F2_KNU2_A 24.9335 136.911 -75.8745
F2_KNU3_A 23.9383 122.417 -85.411
TH_KNU1_A -41.0064 149.34 7.49207
TH_KNU1_B -13.3656 133.184 41.1189
TH_KNU2_A -58.1571 160.028 -16.9495
TH_KNU3_A -68.06 166.94 -35.0611
PALM_POSITION 3.89554 160.948 -5.76005
PALM_NORMAL 0.07218 -0.918483 -0.388817
