F4_KNU1_A -20.7856 181.999 -64.0617
F4_KNU1_B -17.0621 175.079 -24.8807
F4_KNU2_A -22.9156 182.22 -86.4414
F4_KNU3_A -24.4127 180.371 -102.154
F3_KNU1_A 9.0445 179.795 -69.0774
F3_KNU1_B 3.50108 175.994 -24.7509
F3_KNU2_A 11.2121 177.406 -95.3299
F3_KNU3_A 12.0605 173.538 -112.355
F1_KNU1_A 48.1022 167.402 -47.4673
F1_KNU1_B 41.6326 164.827 -15.3238
F1_KNU2_A 47.9334 162.188 -64.8958
F1_KNU3_A 45.3216 153.727 -78.2611
F2_KNU1_A 14.5008 138.473 -41.878
F2_KNU1_B 23.8468 172.509 -19.9403
F2_KNU2_A 6.72255 114.396 -37.004
F2_KNU3_A 1.81186 100.252 -28.1815
TH_KNU1_A -39.9177 152.728 7.5242
TH_KNU1_B -13.0236 135.101 41.0168
TH_KNU2_A -54.2975 163.407 -18.6474
TH_KNU3_A -63.5841 170.524 -37.0045
PALM_POSITION 6.26828 162.319 -5.38781
PALM_NORMAL -0.0547991 -0.904322 -0.42332
