F4_KNU1_A -19.7952 177.547 -63.0122
F4_KNU1_B -16.0275 173.942 -23.3927
F4_KNU2_A -21.8744 176.173 -85.3555
F4_KNU3_A -23.3012 173.428 -100.944
F3_KNU1_A 9.34507 173.555 -67.8328
F3_KNU1_B 4.52232 175.121 -23.2872
F3_KNU2_A 11.1237 168.311 -93.6966
F3_KNU3_A 11.7699 162.848 -110.288
F1_KNU1_A 47.626 159.556 -46.4287
F1_KNU1_B 42.8199 164.221 -14.2288
F1_KNU2_A 44.7981 148.964 -60.9471
F1_KNU3_A 39.3863 136.422 -69.3411
F2_KNU1_A 15.989 138.304 -41.5547
F2_KNU1_B 24.924 171.783 -18.6116
F2_KNU2_A 8.55419 113.98 -37.4279
F2_KNU3_A 3.85949 99.5017 -29.0405
TH_KNU1_A -38.5308 150.448 8.49077
TH_KNU1_B -11.2987 132.392 41.4785
TH_KNU2_A -52.1226 161.215 -18.0628
TH_KNU3_A -61.3426 168.569 -36.3601
PALM_POSITION 7.5172 161.006 -4.27739
PALM_NORMAL -0.0441745 -0.894141 -0.445601
