F4_KNU1_A -19.8854 175.698 -62.586
F4_KNU1_B -15.9746 173.299 -22.889
F4_KNU2_A -21.9819 173.769 -84.8867
F4_KNU3_A -23.3904 170.73 -100.422
F3_KNU1_A 8.88719 172.074 -67.2151
F3_KNU1_B 4.55761 174.742 -22.6711
F3_KNU2_A 10.4488 166.294 -92.9785
F3_KNU3_A 10.9988 160.567 -109.484
F1_KNU1_A 47.8631 159.037 -45.7677
F1_KNU1_B 42.9559 164.166 -13.6537
F1_KNU2_A 44.852 147.966 -59.8859
F1_KNU3_A 39.2252 135.109 -67.6374
F2_KNU1_A 16.5892 138.475 -41.6521
F2_KNU1_B 24.9815 171.579 -17.9705
F2_KNU2_A 9.45849 113.973 -38.0849
F2_KNU3_A 4.91842 99.2573 -30.0315
TH_KNU1_A -38.1826 148.971 8.37692
TH_KNU1_B -10.9742 130.585 41.2013
TH_KNU2_A -51.7668 160.117 -18.0239
TH_KNU3_A -61.186 167.797 -36.0842
PALM_POSITION 7.65713 160.306 -3.91995
PALM_NORMAL -0.0307044 -0.885986 -0.462694
