F4_KNU1_A -24.661 174.239 -63.819
F4_KNU1_B -18.5725 168.31 -24.772
F4_KNU2_A -27.3242 171.771 -86.0058
F4_KNU3_A -28.7574 167.246 -101.172
F3_KNU1_A 1.11409 184.976 -66.7491
F3_KNU1_B 1.86349 170.717 -24.2503
F3_KNU2_A -0.0310414 188.085 -92.9907
F3_KNU3_A -1.11008 187.495 -110.427
F1_KNU1_A 50.736 164.86 -49.2274
F1_KNU1_B 40.8695 160.257 -18.1926
F1_KNU2_A 54.1147 164.065 -67.0857
F1_KNU3_A 55.7149 161.309 -82.7985
F2_KNU1_A 27.1756 180.605 -59.6941
F2_KNU1_B 22.4868 167.561 -20.5155
F2_KNU2_A 28.8403 183.981 -85.1845
F2_KNU3_A 29.3168 183.856 -102.556
TH_KNU1_A -40.925 136.376 2.11658
TH_KNU1_B -10.5049 111.49 26.8367
TH_KNU2_A -58.1552 153.522 -18.2527
TH_KNU3_A -68.3388 165.21 -33.5358
PALM_POSITION 5.95459 152.302 -9.63099
PALM_NORMAL 0.00652721 -0.745676 -0.666277
