F4_KNU1_A -25.0326 173.03 -60.1205
F4_KNU1_B -21.3112 159.399 -22.7407
F4_KNU2_A -27.8658 172.687 -82.4206
F4_KNU3_A -30.1104 167.541 -97.288
F3_KNU1_A -0.00980053 181.368 -62.4385
F3_KNU1_B -0.740175 159.243 -23.4517
F3_KNU2_A -1.81271 186.899 -88.2408
F3_KNU3_A -4.25136 185.688 -105.507
F1_KNU1_A 28.4517 122.079 -31.2386
F1_KNU1_B 37.209 148.163 -13.2209
F1_KNU2_A 18.1665 107.395 -28.1474
F1_KNU3_A 8.70036 97.4672 -19.8476
F2_KNU1_A 27.3614 169.22 -57.2272
F2_KNU1_B 19.6106 155.709 -18.6982
F2_KNU2_A 28.9109 167.891 -82.913
F2_KNU3_A 27.888 161.365 -98.9876
TH_KNU1_A -42.9953 147.489 14.4711
TH_KNU1_B -16.3363 132.988 49.6112
TH_KNU2_A -56.7591 154.844 -13.1371
TH_KNU3_A -67.5921 160.686 -31.0925
PALM_POSITION 2.21233 149.512 -1.86043
PALM_NORMAL -0.113084 -0.965718 -0.233667
