F4_KNU1_A -23.8876 174.605 -56.9492
F4_KNU1_B -20.9457 160.479 -19.684
F4_KNU2_A -26.2111 171.83 -79.1379
F4_KNU3_A -27.9577 163.632 -92.6396
F3_KNU1_A 0.680582 182.077 -59.5254
F3_KNU1_B -0.367847 160.744 -20.1069
F3_KNU2_A -1.48811 183.76 -85.8326
F3_KNU3_A -4.35055 178.158 -102.141
F1_KNU1_A 31.1675 125.525 -30.4259
F1_KNU1_B 37.6515 150.156 -9.61876
F1_KNU2_A 21.3171 110.333 -28.6505
F1_KNU3_A 11.9348 99.9201 -20.8665
F2_KNU1_A 25.2271 159.806 -56.3162
F2_KNU1_B 19.9825 157.492 -15.155
F2_KNU2_A 21.7041 142.995 -75.5229
F2_KNU3_A 16.6528 126.73 -78.9834
TH_KNU1_A -42.2493 147.855 16.7068
TH_KNU1_B -16.4349 132.354 52.0494
TH_KNU2_A -55.3462 156.085 -10.9789
TH_KNU3_A -65.6473 162.421 -29.0794
PALM_POSITION 2.48265 150.531 1.27443
PALM_NORMAL -0.0905686 -0.961546 -0.25928
