F4_KNU1_A -22.1125 172.508 -58.5844
F4_KNU1_B -20.3698 162.445 -19.9502
F4_KNU2_A -24.4592 165.55 -79.8333
F4_KNU3_A -26.5249 154.341 -90.9076
F3_KNU1_A 0.80502 178.327 -61.8179
F3_KNU1_B 0.189732 161.495 -20.2691
F3_KNU2_A -2.73131 175.281 -87.8528
F3_KNU3_A -6.81133 166.229 -102.238
F1_KNU1_A 28.9948 124.593 -31.1755
F1_KNU1_B 37.4397 148.29 -9.98971
F1_KNU2_A 18.1793 110.084 -29.3118
F1_KNU3_A 8.3089 100.24 -21.3928
F2_KNU1_A 24.4049 154.267 -56.6141
F2_KNU1_B 20.2766 156.86 -15.3426
F2_KNU2_A 17.116 132.739 -68.7515
F2_KNU3_A 10.2755 117.601 -63.6431
TH_KNU1_A -42.2177 146.807 14.1667
TH_KNU1_B -18.0231 131.591 50.7576
TH_KNU2_A -55.0616 155.091 -13.6212
TH_KNU3_A -65.1146 161.488 -31.8391
PALM_POSITION 2.28346 150.383 0.748475
PALM_NORMAL -0.145944 -0.944684 -0.29372
