F4_KNU1_A -39.6402 142.191 -36.0731
F4_KNU1_B -34.8308 171.901 -5.41461
F4_KNU2_A -34.5681 120.149 -27.5501
F4_KNU3_A -29.663 111.494 -13.6598
F3_KNU1_A -20.4479 205.737 -45.468
F3_KNU1_B -13.2286 175.368 -8.74054
F3_KNU2_A -25.2608 221.418 -68.6962
F3_KNU3_A -28.7444 230.369 -84.848
F1_KNU1_A 29.2662 194.48 -28.9647
F1_KNU1_B 29.917 167.823 -5.74298
F1_KNU2_A 28.3447 208.369 -42.7046
F1_KNU3_A 27.0843 219.869 -55.4821
F2_KNU1_A 5.56627 206.335 -37.8367
F2_KNU1_B 9.46852 173.989 -7.26281
F2_KNU2_A 2.74679 225.409 -57.7277
F2_KNU3_A 0.59997 237.631 -71.6955
TH_KNU1_A -51.3253 150.423 36.8854
TH_KNU1_B -14.4639 128.001 61.99
TH_KNU2_A -66.816 163.479 9.46135
TH_KNU3_A -77.3461 172.409 -9.43567
PALM_POSITION -5.35466 160.601 10.7094
PALM_NORMAL -0.0252439 -0.894339 -0.446677
