F4_KNU1_A -18.9401 175.194 -55.5121
F4_KNU1_B -13.7102 166.869 -16.7792
F4_KNU2_A -19.2487 161.657 -73.4588
F4_KNU3_A -17.8955 146.48 -77.9741
F3_KNU1_A 5.3854 150.866 -55.1161
F3_KNU1_B 6.60469 168.642 -13.9755
F3_KNU2_A 1.83976 125.068 -50.4835
F3_KNU3_A 0.12186 115.066 -36.2521
F1_KNU1_A 35.8651 134.263 -23.0431
F1_KNU1_B 43.9948 157.845 -1.60717
F1_KNU2_A 26.8132 119.278 -18.0961
F1_KNU3_A 19.4075 109.458 -7.81143
F2_KNU1_A 21.125 133.244 -33.0754
F2_KNU1_B 26.4294 165.357 -7.23586
F2_KNU2_A 13.7881 109.97 -24.8024
F2_KNU3_A 9.10669 98.3893 -12.7197
TH_KNU1_A -37.6158 139.38 8.48476
TH_KNU1_B -14.9124 117.663 42.6709
TH_KNU2_A -50.5945 153.842 -16.5789
TH_KNU3_A -59.2456 163.723 -33.9394
PALM_POSITION 7.93595 152.348 3.41135
PALM_NORMAL 0.0499559 -0.832028 -0.552479
