F4_KNU1_A -24.2133 179.555 -50.8188
F4_KNU1_B -15.9757 176.236 -11.857
F4_KNU2_A -22.538 158.108 -57.3514
F4_KNU3_A -18.9611 145.735 -48.0418
F3_KNU1_A -1.39677 149.472 -44.7197
F3_KNU1_B 4.49704 177.09 -9.89843
F3_KNU2_A -5.41205 123.756 -40.0131
F3_KNU3_A -7.14843 110.419 -28.8489
F1_KNU1_A 32.5423 143.8 -25.0264
F1_KNU1_B 42.0347 163.864 -0.756499
F1_KNU2_A 23.2265 128.611 -21.356
F1_KNU3_A 16.0769 118.091 -11.5962
F2_KNU1_A 17.4722 145.187 -35.136
F2_KNU1_B 24.492 172.479 -4.5908
F2_KNU2_A 9.61997 121.249 -29.728
F2_KNU3_A 5.04259 108.603 -18.7219
TH_KNU1_A -39.6719 144.175 9.31187
TH_KNU1_B -16.0714 120.502 41.5358
TH_KNU2_A -53.0984 160.012 -14.6608
TH_KNU3_A -61.5778 170.763 -31.584
PALM_POSITION 6.08395 158.852 5.41336
PALM_NORMAL -0.00449173 -0.763195 -0.646152
