F4_KNU1_A -23.289 164.225 -45.2129
F4_KNU1_B -15.5212 181.282 -9.91985
F4_KNU2_A -22.4285 141.849 -43.2126
F4_KNU3_A -19.7721 130.413 -32.502
F3_KNU1_A -4.66468 155.161 -44.87
F3_KNU1_B 4.99409 180.009 -8.82425
F3_KNU2_A -11.4015 129.827 -41.3464
F3_KNU3_A -14.2701 116.428 -30.4941
F1_KNU1_A 31.545 146.415 -27.4425
F1_KNU1_B 41.3007 163.109 -0.837313
F1_KNU2_A 20.3679 132.209 -25.3888
F1_KNU3_A 11.7354 122.402 -16.096
F2_KNU1_A 15.5614 150.722 -37.8089
F2_KNU1_B 24.6077 173.437 -4.20385
F2_KNU2_A 5.2118 127.327 -34.7322
F2_KNU3_A -0.594864 114.748 -24.2403
TH_KNU1_A -41.5368 149.196 10.8291
TH_KNU1_B -19.1303 127.219 45.0456
TH_KNU2_A -55.0225 163.704 -13.9383
TH_KNU3_A -63.8052 173.521 -31.2693
PALM_POSITION 5.3265 162.092 6.93886
PALM_NORMAL -0.112735 -0.77426 -0.622746
