F4_KNU1_A -25.804 160.375 -44.521
F4_KNU1_B -17.6641 180.776 -11.1379
F4_KNU2_A -24.8352 138.1 -41.6311
F4_KNU3_A -22.0508 126.6 -31.0219
F3_KNU1_A -7.0825 153.668 -45.5155
F3_KNU1_B 2.87124 179.613 -10.3337
F3_KNU2_A -13.6484 128.661 -39.9336
F3_KNU3_A -16.1204 116.459 -27.6648
F1_KNU1_A 30.2741 145.654 -28.4218
F1_KNU1_B 39.3685 163.226 -2.14969
F1_KNU2_A 18.7881 131.831 -25.5997
F1_KNU3_A 9.97249 123.074 -15.4686
F2_KNU1_A 13.3467 149.478 -38.4878
F2_KNU1_B 22.5839 173.33 -5.73318
F2_KNU2_A 3.11452 126.366 -33.4841
F2_KNU3_A -2.30514 114.86 -21.6404
TH_KNU1_A -43.2133 146.629 10.0149
TH_KNU1_B -20.1443 129.478 46.4765
TH_KNU2_A -58.0808 158.058 -15.5602
TH_KNU3_A -67.498 165.642 -33.6621
PALM_POSITION 3.53578 162.496 6.28431
PALM_NORMAL -0.120576 -0.804314 -0.581842
