F4_KNU1_A -23.1828 153.918 -42.0625
F4_KNU1_B -13.8644 180.632 -13.8416
F4_KNU2_A -22.2056 132.343 -35.8166
F4_KNU3_A -19.22 121.903 -24.2131
F3_KNU1_A -5.59428 148.806 -44.4489
F3_KNU1_B 6.66514 179.137 -13.794
F3_KNU2_A -12.0523 124.9 -35.1537
F3_KNU3_A -13.9584 114.389 -21.3189
F1_KNU1_A 29.2994 139.995 -24.3477
F1_KNU1_B 43.2264 162.996 -5.40879
F1_KNU2_A 18.2863 128.564 -15.4591
F1_KNU3_A 11.2176 123.417 -2.0209
F2_KNU1_A 12.8642 140.878 -31.9763
F2_KNU1_B 26.4616 172.991 -9.37188
F2_KNU2_A 3.41402 121.304 -18.1381
F2_KNU3_A -0.511658 114.06 -2.83643
TH_KNU1_A -38.3376 140.911 9.58253
TH_KNU1_B -14.5743 136.076 49.1771
TH_KNU2_A -46.1327 140.792 -21.1581
TH_KNU3_A -32.2039 134.251 -36.5555
PALM_POSITION 7.8016 163.951 4.58199
PALM_NORMAL -0.159429 -0.860981 -0.483006
