F4_KNU1_A -23.9539 147.505 -38.9289
F4_KNU1_B -11.7297 178.594 -16.9992
F4_KNU2_A -23.9459 127.321 -29.0271
F4_KNU3_A -21.1343 118.451 -16.1435
F3_KNU1_A -8.45254 140.966 -40.4628
F3_KNU1_B 8.60969 175.466 -17.4703
F3_KNU2_A -15.0448 119.386 -26.6624
F3_KNU3_A -16.1695 110.999 -11.3684
F1_KNU1_A 26.7593 133.234 -21.6948
F1_KNU1_B 44.1956 157.675 -8.26713
F1_KNU2_A 16.0244 124.508 -9.87986
F1_KNU3_A 10.043 122.2 4.81507
F2_KNU1_A 10.6149 134.117 -28.7207
F2_KNU1_B 28.0679 168.379 -12.9549
F2_KNU2_A 0.720253 118.289 -10.9584
F2_KNU3_A -2.72277 114.175 5.57178
TH_KNU1_A -39.948 142.867 13.7004
TH_KNU1_B -12.9195 142.957 51.4528
TH_KNU2_A -48.3485 137.286 -16.3669
TH_KNU3_A -33.168 127.286 -28.3431
PALM_POSITION 9.43575 162.798 2.73964
PALM_NORMAL -0.245676 -0.901529 -0.356213
