F4_KNU1_A -22.7084 147.534 -42.1942
F4_KNU1_B -10.3456 176.836 -17.9984
F4_KNU2_A -24.2486 126.276 -35.0397
F4_KNU3_A -22.5763 115.651 -23.3408
F3_KNU1_A -5.43249 141.008 -43.9761
F3_KNU1_B 10.0009 173.755 -17.5282
F3_KNU2_A -13.7612 117.999 -33.936
F3_KNU3_A -16.6496 107.742 -20.0804
F1_KNU1_A 30.4556 132.174 -21.9635
F1_KNU1_B 45.2518 156.749 -5.87562
F1_KNU2_A 18.3911 122.087 -12.8165
F1_KNU3_A 10.2332 118.453 0.498419
F2_KNU1_A 14.1632 133.597 -31.3092
F2_KNU1_B 29.2917 167.057 -11.8504
F2_KNU2_A 2.52426 115.517 -17.1102
F2_KNU3_A -2.87524 109.434 -1.75233
TH_KNU1_A -39.3576 143.548 13.8205
TH_KNU1_B -13.9592 145.894 52.6175
TH_KNU2_A -46.6768 136.247 -16.1611
TH_KNU3_A -32.8644 125.522 -29.1253
PALM_POSITION 10.1129 162.482 3.50769
PALM_NORMAL -0.231735 -0.924359 -0.303083
