F4_KNU1_A -21.6158 146.964 -42.3353
F4_KNU1_B -9.68773 176.287 -17.9467
F4_KNU2_A -22.8764 125.568 -35.5504
F4_KNU3_A -21.0539 114.788 -24.0161
F3_KNU1_A -3.63528 140.742 -44.086
F3_KNU1_B 10.7187 173.677 -17.2665
F3_KNU2_A -11.6557 117.484 -34.3743
F3_KNU3_A -14.5302 107.122 -20.5935
F1_KNU1_A 32.3993 132.553 -20.9505
F1_KNU1_B 46.2552 157.746 -4.98097
F1_KNU2_A 20.4086 122.318 -11.8705
F1_KNU3_A 12.1097 118.751 1.37525
F2_KNU1_A 16.0332 133.527 -30.5745
F2_KNU1_B 30.1125 167.549 -11.3029
F2_KNU2_A 4.68304 115.327 -16.2968
F2_KNU3_A -0.709867 109.346 -0.896611
TH_KNU1_A -38.2651 143.146 14.4928
TH_KNU1_B -13.1245 146.916 53.3456
TH_KNU2_A -45.5313 135.141 -15.3212
TH_KNU3_A -31.9472 124.444 -28.5467
PALM_POSITION 10.9291 162.9 4.02695
PALM_NORMAL -0.208757 -0.936124 -0.283005
