F4_KNU1_A -24.0122 150.819 -48.2604
F4_KNU1_B -10.991 175.352 -19.5295
F4_KNU2_A -25.8102 128.794 -44.1239
F4_KNU3_A -23.8155 117.463 -33.1615
F3_KNU1_A -0.732583 145.297 -52.4333
F3_KNU1_B 9.46146 173.144 -18.8083
F3_KNU2_A -9.53966 121.049 -46.5953
F3_KNU3_A -13.4573 110.206 -33.4577
F1_KNU1_A 42.2489 136.117 -30.1154
F1_KNU1_B 45.3096 158.323 -6.0482
F1_KNU2_A 30.0684 122.742 -28.1884
F1_KNU3_A 18.8719 116.458 -18.5862
F2_KNU1_A 21.8718 141.085 -43.8858
F2_KNU1_B 28.9765 167.593 -12.6778
F2_KNU2_A 10.3354 118.619 -38.7765
F2_KNU3_A 3.47911 108.789 -26.1914
TH_KNU1_A -39.902 142.158 14.9512
TH_KNU1_B -13.748 148.516 52.7842
TH_KNU2_A -46.2187 131.785 -14.3449
TH_KNU3_A -31.1688 120.915 -25.7129
PALM_POSITION 9.91163 163.149 2.85925
PALM_NORMAL -0.191978 -0.949411 -0.248523
