F4_KNU1_A -41.7918 204.199 -40.1693
F4_KNU1_B -34.8932 174.847 -9.5649
F4_KNU2_A -47.293 198.948 -63.1122
F4_KNU3_A -49.2691 183.755 -70.6746
F3_KNU1_A -20.4778 180.478 -60.7547
F3_KNU1_B -13.1105 175.801 -13.3508
F3_KNU2_A -26.0938 177.267 -88.4455
F3_KNU3_A -30.317 172.282 -106.065
F1_KNU1_A 30.2962 190.045 -34.4377
F1_KNU1_B 28.8902 163.148 -11.5274
F1_KNU2_A 29.7773 203.395 -48.7222
F1_KNU3_A 28.2886 213.761 -62.4132
F2_KNU1_A 7.71268 200.989 -46.1661
F2_KNU1_B 9.2896 171.719 -12.4458
F2_KNU2_A 5.24243 215.994 -69.3209
F2_KNU3_A 2.70831 224.029 -85.9974
TH_KNU1_A -54.9032 151.406 32.3012
TH_KNU1_B -18.4071 127.5 56.5564
TH_KNU2_A -67.9257 163.33 3.13363
TH_KNU3_A -79.7734 172.742 -14.7208
PALM_POSITION -6.62001 159.819 5.64415
PALM_NORMAL -0.14098 -0.875926 -0.461387
