F4_KNU1_A -27.5445 151.731 -50.5445
F4_KNU1_B -13.6306 174.891 -21.1006
F4_KNU2_A -29.4266 129.671 -46.643
F4_KNU3_A -27.0914 118.609 -35.4747
F3_KNU1_A -0.85727 147.846 -57.1796
F3_KNU1_B 6.84887 172.846 -20.77
F3_KNU2_A -9.8264 123.179 -53.9099
F3_KNU3_A -14.3604 111.755 -41.4817
F1_KNU1_A 43.3731 137.476 -33.4761
F1_KNU1_B 43.0835 158.693 -8.34708
F1_KNU2_A 31.8263 123.434 -32.8108
F1_KNU3_A 20.418 116.839 -23.6782
F2_KNU1_A 21.9251 143.502 -48.4249
F2_KNU1_B 26.5372 167.631 -14.9043
F2_KNU2_A 10.7415 120.487 -45.3965
F2_KNU3_A 3.66838 110.223 -33.2869
TH_KNU1_A -41.935 142.876 15.349
TH_KNU1_B -14.5691 150.416 52.0921
TH_KNU2_A -48.6058 131.387 -13.448
TH_KNU3_A -33.7228 120.255 -24.781
PALM_POSITION 7.85824 163.568 1.19573
PALM_NORMAL -0.190352 -0.95831 -0.213093
