F4_KNU1_A -27.8391 149.609 -54.0736
F4_KNU1_B -14.4196 172.297 -24.0391
F4_KNU2_A -29.779 127.572 -50.0664
F4_KNU3_A -27.4851 116.945 -38.4755
F3_KNU1_A -0.352081 146.902 -61.2138
F3_KNU1_B 6.0913 170.597 -23.7035
F3_KNU2_A -8.89193 121.939 -59.3308
F3_KNU3_A -13.4224 110.071 -47.3249
F1_KNU1_A 46.0003 136.507 -35.787
F1_KNU1_B 42.5947 157.616 -10.7973
F1_KNU2_A 35.3654 121.752 -36.1988
F1_KNU3_A 23.6885 114.535 -27.9157
F2_KNU1_A 22.9997 141.938 -51.4675
F2_KNU1_B 25.8825 165.975 -17.6888
F2_KNU2_A 12.3734 118.589 -49.0489
F2_KNU3_A 5.22272 108.178 -37.112
TH_KNU1_A -42.887 142.105 14.4619
TH_KNU1_B -14.6978 151.226 50.2106
TH_KNU2_A -48.3944 128.767 -13.7784
TH_KNU3_A -33.2496 117.392 -24.5076
PALM_POSITION 7.32993 162.364 -1.33682
PALM_NORMAL -0.175594 -0.970072 -0.167712
