F4_KNU1_A -27.1571 152.296 -61.1981
F4_KNU1_B -14.8517 167.695 -26.437
F4_KNU2_A -30.509 130.068 -61.5292
F4_KNU3_A -29.2896 118.039 -51.2157
F3_KNU1_A 0.600386 147.13 -66.205
F3_KNU1_B 5.65514 166.013 -25.8575
F3_KNU2_A -7.85978 122.07 -66.3577
F3_KNU3_A -12.3078 110.057 -54.4649
F1_KNU1_A 49.5258 134.139 -38.4472
F1_KNU1_B 42.0093 152.997 -12.5709
F1_KNU2_A 40.3486 118.735 -41.5235
F1_KNU3_A 28.4071 110.047 -35.2813
F2_KNU1_A 25.4816 140.897 -55.7858
F2_KNU1_B 25.3752 161.376 -19.6237
F2_KNU2_A 15.3038 117.229 -56.1995
F2_KNU3_A 7.73043 106.084 -45.2249
TH_KNU1_A -44.2313 138.154 11.7071
TH_KNU1_B -16.0243 146.233 47.6917
TH_KNU2_A -45.7871 123.994 -16.6272
TH_KNU3_A -30.2695 112.756 -26.9609
PALM_POSITION 6.62608 157.662 -3.52092
PALM_NORMAL -0.172573 -0.969332 -0.174969
