F4_KNU1_A -27.8991 164.669 -66.8944
F4_KNU1_B -19.9444 164.865 -27.7335
F4_KNU2_A -31.9311 150.277 -83.6892
F4_KNU3_A -33.5978 135.288 -88.6998
F3_KNU1_A 2.77174 164.917 -73.2072
F3_KNU1_B 0.624021 165.262 -28.4267
F3_KNU2_A 0.056217 148.788 -93.9936
F3_KNU3_A -3.31865 132.893 -100.434
F1_KNU1_A 53.5979 145.667 -45.5124
F1_KNU1_B 38.8527 155.571 -17.8326
F1_KNU2_A 55.7915 133.296 -58.6704
F1_KNU3_A 53.395 119.686 -66.7986
F2_KNU1_A 28.0341 154.739 -63.7899
F2_KNU1_B 21.0585 162.449 -23.5531
F2_KNU2_A 27.3823 138.385 -83.6906
F2_KNU3_A 24.4558 123.42 -92.0284
TH_KNU1_A -48.9967 138.405 14.6077
TH_KNU1_B -14.3409 140.867 45.4088
TH_KNU2_A -60.0328 130.131 -13.9496
TH_KNU3_A -64.5009 123.334 -34.1415
PALM_POSITION 3.81516 156.294 -6.54109
PALM_NORMAL -0.0857182 -0.975304 -0.203552
