F4_KNU1_A -29.4263 167.094 -63.1615
F4_KNU1_B -20.781 165.098 -24.1978
F4_KNU2_A -34.6014 163.44 -84.7324
F4_KNU3_A -38.3158 158.301 -99.3046
F3_KNU1_A 0.763846 170.283 -70.275
F3_KNU1_B -0.266902 164.595 -25.8159
F3_KNU2_A -0.00873177 168.767 -96.6701
F3_KNU3_A -1.24686 165.176 -113.732
F1_KNU1_A 53.0938 150.163 -46.5804
F1_KNU1_B 37.8774 152.601 -17.5251
F1_KNU2_A 59.6179 145.797 -62.992
F1_KNU3_A 63.8762 139.933 -77.2932
F2_KNU1_A 25.6571 165.19 -62.9865
F2_KNU1_B 20.2018 160.588 -22.0455
F2_KNU2_A 27.3542 163.524 -88.6433
F2_KNU3_A 27.5455 159.951 -105.65
TH_KNU1_A -49.7478 142.11 19.1322
TH_KNU1_B -13.1571 136.861 47.2279
TH_KNU2_A -67.4304 140.966 -7.1695
TH_KNU3_A -83.3488 142.514 -21.9372
PALM_POSITION 3.43979 154.294 -4.60878
PALM_NORMAL -0.141213 -0.957632 -0.250996
