F4_KNU1_A -39.635 202.805 -30.7499
F4_KNU1_B -32.8772 171.569 -2.03704
F4_KNU2_A -45.0901 204.188 -54.256
F4_KNU3_A -48.1442 193.922 -67.5681
F3_KNU1_A -19.9259 160.327 -51.1397
F3_KNU1_B -11.0432 172.785 -5.43227
F3_KNU2_A -26.2105 145.919 -74.8362
F3_KNU3_A -30.6455 133.724 -88.4295
F1_KNU1_A 30.4638 184.664 -28.6199
F1_KNU1_B 31.1173 160.913 -2.43388
F1_KNU2_A 28.8152 195.928 -44.5246
F1_KNU3_A 26.3877 204.248 -59.4238
F2_KNU1_A 8.82228 192.659 -41.8649
F2_KNU1_B 11.3993 169.116 -3.9791
F2_KNU2_A 5.758 203.393 -67.2183
F2_KNU3_A 2.88452 208.235 -85.0336
TH_KNU1_A -52.5462 148.932 38.9819
TH_KNU1_B -16.9095 126.459 65.7542
TH_KNU2_A -64.0563 159.373 8.63367
TH_KNU3_A -75.0731 167.867 -10.1869
PALM_POSITION -4.66284 157.477 14.1462
PALM_NORMAL -0.117378 -0.891289 -0.437979
