F4_KNU1_A -28.6888 175.832 -61.3237
F4_KNU1_B -19.3342 160.251 -25.7339
F4_KNU2_A -34.2454 181.927 -82.2378
F4_KNU3_A -38.3017 184.564 -97.3755
F3_KNU1_A 1.28953 181.371 -67.0121
F3_KNU1_B 1.18975 160.659 -27.2503
F3_KNU2_A 0.62746 190.992 -91.6414
F3_KNU3_A -0.226801 195.766 -108.434
F1_KNU1_A 57.1317 161.416 -44.8202
F1_KNU1_B 39.7477 149.676 -19.4894
F1_KNU2_A 66.2791 166.664 -59.6442
F1_KNU3_A 73.9214 170.278 -73.2671
F2_KNU1_A 26.4729 177.346 -59.6728
F2_KNU1_B 21.7866 157.231 -23.61
F2_KNU2_A 28.6882 187.806 -83.1166
F2_KNU3_A 29.7563 193.599 -99.4664
TH_KNU1_A -46.4848 139.184 16.2572
TH_KNU1_B -10.8708 127.882 43.8195
TH_KNU2_A -66.01 144.344 -8.19495
TH_KNU3_A -82.4562 149.501 -21.4919
PALM_POSITION 5.22064 149.193 -6.71068
PALM_NORMAL -0.102146 -0.944684 -0.31167
