F4_KNU1_A -28.0109 174.847 -62.3871
F4_KNU1_B -18.4898 159.093 -26.9178
F4_KNU2_A -33.5963 180.863 -83.3167
F4_KNU3_A -37.627 183.314 -98.4924
F3_KNU1_A 1.79751 181.78 -67.5089
F3_KNU1_B 2.02452 160.146 -28.2416
F3_KNU2_A 0.98229 191.755 -91.9925
F3_KNU3_A 0.0477814 196.62 -108.755
F1_KNU1_A 57.6181 163.751 -44.9651
F1_KNU1_B 40.8364 150.515 -19.9673
F1_KNU2_A 66.4592 169.724 -59.7002
F1_KNU3_A 73.8419 173.876 -73.3126
F2_KNU1_A 27.0057 178.444 -59.9523
F2_KNU1_B 22.6835 157.432 -24.3587
F2_KNU2_A 29.0317 189.334 -83.2168
F2_KNU3_A 29.9895 195.32 -99.5043
TH_KNU1_A -45.0197 138.532 14.9442
TH_KNU1_B -9.68737 127.9 43.1289
TH_KNU2_A -64.5935 143.529 -9.50286
TH_KNU3_A -80.7328 148.291 -23.3131
PALM_POSITION 6.2161 149.078 -7.51671
PALM_NORMAL -0.0685137 -0.951371 -0.300332
