F4_KNU1_A -29.1938 172.752 -63.7161
F4_KNU1_B -19.027 157.25 -28.3154
F4_KNU2_A -34.9311 178.389 -84.71
F4_KNU3_A -38.9276 180.402 -99.959
F3_KNU1_A -0.289444 182.551 -68.12
F3_KNU1_B 1.35658 159.864 -29.4857
F3_KNU2_A -1.74351 193.046 -92.3553
F3_KNU3_A -2.98078 198.161 -109.024
F1_KNU1_A 55.3495 169.546 -45.3515
F1_KNU1_B 40.7133 153.422 -20.7039
F1_KNU2_A 63.094 177 -60.029
F1_KNU3_A 69.5743 182.327 -73.6917
F2_KNU1_A 24.9718 181.572 -60.0454
F2_KNU1_B 22.1242 158.831 -25.3781
F2_KNU2_A 26.2364 193.45 -82.8764
F2_KNU3_A 26.772 200.015 -98.9585
TH_KNU1_A -43.6485 137.36 13.4487
TH_KNU1_B -8.531 128.109 42.3792
TH_KNU2_A -62.9344 141.774 -11.3371
TH_KNU3_A -78.9799 145.934 -25.4478
PALM_POSITION 6.18658 149.533 -8.52099
PALM_NORMAL 0.00822013 -0.959116 -0.282895
