F4_KNU1_A -34.4894 166.75 -65.679
F4_KNU1_B -22.5966 152.769 -30.1829
F4_KNU2_A -40.7054 171.278 -86.8048
F4_KNU3_A -44.7109 172.326 -102.148
F3_KNU1_A -7.61593 180.555 -70.1275
F3_KNU1_B -2.84195 158.415 -31.4356
F3_KNU2_A -10.472 190.724 -94.3767
F3_KNU3_A -12.3588 195.608 -111.054
F1_KNU1_A 47.2328 177.268 -47.2701
F1_KNU1_B 36.9697 158.421 -22.3468
F1_KNU2_A 52.7612 186.115 -62.174
F1_KNU3_A 57.4625 192.543 -76.0887
F2_KNU1_A 17.2656 183.507 -62.0222
F2_KNU1_B 17.8088 160.733 -27.2635
F2_KNU2_A 16.7713 195.297 -84.9277
F2_KNU3_A 16.3429 201.719 -101.071
TH_KNU1_A -43.8856 132.901 12.1632
TH_KNU1_B -8.31111 128.476 41.6702
TH_KNU2_A -62.9579 134.549 -13.1211
TH_KNU3_A -79.1177 136.478 -27.5784
PALM_POSITION 3.34941 149.805 -10.0553
PALM_NORMAL 0.156529 -0.95733 -0.242935
