F4_KNU1_A -32.1341 150.32 -66.2005
F4_KNU1_B -18.5349 140.452 -29.9433
F4_KNU2_A -38.3294 153.003 -87.6448
F4_KNU3_A -41.6982 153.038 -103.176
F3_KNU1_A -11.492 171.478 -70.3498
F3_KNU1_B -1.58552 152.068 -31.169
F3_KNU2_A -16.6793 180.979 -94.4831
F3_KNU3_A -19.6794 186.014 -110.95
F1_KNU1_A 36.1859 186.866 -46.1752
F1_KNU1_B 35.6306 165.552 -21.1334
F1_KNU2_A 36.6127 198.098 -60.4802
F1_KNU3_A 37.0885 207.514 -73.4478
F2_KNU1_A 10.0952 183.326 -61.1932
F2_KNU1_B 17.0059 161.209 -26.6941
F2_KNU2_A 6.08897 196.049 -83.2387
F2_KNU3_A 3.57054 203.979 -98.4962
TH_KNU1_A -35.3202 121.172 13.4924
TH_KNU1_B -0.828814 127.154 43.9941
TH_KNU2_A -50.4608 117.325 -14.107
TH_KNU3_A -66.3861 114.521 -28.6808
PALM_POSITION 5.96113 147.432 -9.00705
PALM_NORMAL 0.466251 -0.870162 -0.159462
