F4_KNU1_A -37.8749 202.783 -26.6178
F4_KNU1_B -33.3508 171.454 2.43116
F4_KNU2_A -40.8709 214.199 -47.7105
F4_KNU3_A -43.086 217.509 -64.3253
F3_KNU1_A -21.8402 133.987 -25.3459
F3_KNU1_B -11.4281 173.504 0.212106
F3_KNU2_A -24.662 106.093 -20.5891
F3_KNU3_A -25.1307 89.5447 -11.6971
F1_KNU1_A 27.898 181.842 -25.0602
F1_KNU1_B 30.8877 162.604 4.45648
F1_KNU2_A 25.1721 190.368 -42.4502
F1_KNU3_A 22.0289 196.261 -58.3408
F2_KNU1_A 3.88337 173.309 -41.4929
F2_KNU1_B 11.0225 170.355 2.51359
F2_KNU2_A -1.89844 168.7 -68.1899
F2_KNU3_A -6.31664 162.59 -85.2849
TH_KNU1_A -50.6931 144.004 35.651
TH_KNU1_B -19.2353 122.096 67.623
TH_KNU2_A -64.4102 156.835 7.19526
TH_KNU3_A -74.4205 165.832 -11.9508
PALM_POSITION -5.51547 157.024 18.9685
PALM_NORMAL -0.0690748 -0.860796 -0.504241
