F4_KNU1_A -41.2135 150.994 -63.6051
F4_KNU1_B -25.7799 146.398 -27.0322
F4_KNU2_A -48.7769 151.041 -84.7765
F4_KNU3_A -53.33 149.441 -99.9181
F3_KNU1_A -20.1643 170.264 -72.8103
F3_KNU1_B -8.84715 157.244 -31.4288
F3_KNU2_A -26.3724 176.282 -97.8072
F3_KNU3_A -30.1664 179.209 -114.617
F1_KNU1_A 29.0904 186.686 -55.5782
F1_KNU1_B 28.9914 171.717 -26.2935
F1_KNU2_A 29.3546 193.563 -72.419
F1_KNU3_A 29.7595 198.419 -87.6931
F2_KNU1_A 2.30366 181.877 -67.7743
F2_KNU1_B 10.0412 166.731 -29.8556
F2_KNU2_A -2.19133 189.945 -91.8288
F2_KNU3_A -5.021 194.528 -108.352
TH_KNU1_A -39.211 136.252 18.9436
TH_KNU1_B -3.86381 147.252 46.9679
TH_KNU2_A -57.3003 127.797 -5.69488
TH_KNU3_A -74.3559 122.755 -18.2473
PALM_POSITION -0.0472494 156.822 -9.2483
PALM_NORMAL 0.449709 -0.893061 -0.0142761
