F4_KNU1_A -44.824 152.265 -62.861
F4_KNU1_B -28.9953 148.149 -26.4
F4_KNU2_A -52.6942 151.719 -83.9132
F4_KNU3_A -57.5008 149.499 -98.8974
F3_KNU1_A -22.187 169.315 -73.2672
F3_KNU1_B -11.4663 157.765 -31.2948
F3_KNU2_A -27.9281 173.449 -98.7535
F3_KNU3_A -31.3222 174.496 -115.868
F1_KNU1_A 28.6437 183.266 -57.0116
F1_KNU1_B 27.2313 170.053 -26.9267
F1_KNU2_A 29.6049 188.553 -74.3923
F1_KNU3_A 30.5892 191.489 -90.1232
F2_KNU1_A 1.45419 179.466 -68.9984
F2_KNU1_B 7.98134 166.119 -30.1865
F2_KNU2_A -2.23421 185.639 -93.7414
F2_KNU3_A -4.47753 188.442 -110.745
TH_KNU1_A -43.2522 140.134 20.9777
TH_KNU1_B -6.44381 150.319 47.3821
TH_KNU2_A -62.3126 131.55 -2.8717
TH_KNU3_A -80.33 127.071 -14.2377
PALM_POSITION -2.52196 157.601 -9.1688
PALM_NORMAL 0.3939 -0.919021 0.0155612
