F4_KNU1_A -45.4365 153.218 -62.5846
F4_KNU1_B -29.2695 149.13 -26.2691
F4_KNU2_A -53.5019 152.284 -83.5492
F4_KNU3_A -58.4255 149.56 -98.4116
F3_KNU1_A -21.7102 169.048 -73.47
F3_KNU1_B -11.405 158.064 -31.2422
F3_KNU2_A -27.1755 172.18 -99.1589
F3_KNU3_A -30.3523 172.156 -116.347
F1_KNU1_A 30.172 180.626 -57.6266
F1_KNU1_B 27.7035 169.007 -26.9575
F1_KNU2_A 31.6847 184.386 -75.362
F1_KNU3_A 33.11 185.458 -91.2952
F2_KNU1_A 2.48497 178.002 -69.4708
F2_KNU1_B 8.32768 165.73 -30.1977
F2_KNU2_A -0.73486 182.708 -94.5988
F2_KNU3_A -2.6257 184.013 -111.825
TH_KNU1_A -44.4611 141.798 22.1895
TH_KNU1_B -6.70592 151.24 47.511
TH_KNU2_A -63.8621 133.258 -1.39932
TH_KNU3_A -82.387 129.227 -12.0977
PALM_POSITION -2.48751 157.805 -9.10626
PALM_NORMAL 0.360836 -0.932288 0.0252424
