F4_KNU1_A -45.8756 156.384 -61.7571
F4_KNU1_B -29.6344 151.876 -25.5246
F4_KNU2_A -54.1865 155.091 -82.6065
F4_KNU3_A -59.3733 151.741 -97.2499
F3_KNU1_A -20.3583 169.811 -73.0768
F3_KNU1_B -10.9906 158.977 -30.5927
F3_KNU2_A -25.5131 171.972 -98.9294
F3_KNU3_A -28.609 170.761 -116.09
F1_KNU1_A 33.1123 175.976 -57.4805
F1_KNU1_B 28.9559 166.3 -26.3229
F1_KNU2_A 35.2969 178.126 -75.4129
F1_KNU3_A 37.0748 177.38 -91.3293
F2_KNU1_A 4.84274 176.217 -69.3008
F2_KNU1_B 9.37063 164.78 -29.6045
F2_KNU2_A 2.20593 179.648 -94.7017
F2_KNU3_A 0.568494 179.618 -112.003
TH_KNU1_A -46.1993 147.33 23.8221
TH_KNU1_B -7.25833 153.582 48.3231
TH_KNU2_A -66.5703 140.12 0.609961
TH_KNU3_A -85.5608 137.674 -9.7465
PALM_POSITION -2.2227 158.399 -8.40302
PALM_NORMAL 0.27158 -0.961181 0.0487447
