F4_KNU1_A -35.8917 184.194 -65.6978
F4_KNU1_B -26.1947 172.681 -28.6801
F4_KNU2_A -43.5811 186.107 -86.737
F4_KNU3_A -50.1888 184.528 -101.104
F3_KNU1_A -7.28387 175.555 -76.1189
F3_KNU1_B -7.0405 166.07 -32.3012
F3_KNU2_A -10.6862 176.178 -102.342
F3_KNU3_A -14.7779 173.611 -119.14
F1_KNU1_A 37.2338 147.895 -56.7367
F1_KNU1_B 27.8372 146.026 -25.2739
F1_KNU2_A 39.0234 145.259 -74.648
F1_KNU3_A 37.8246 140.206 -89.816
F2_KNU1_A 15.9534 165.354 -70.4427
F2_KNU1_B 12.1528 157.426 -29.8249
F2_KNU2_A 14.6748 165.343 -96.1778
F2_KNU3_A 11.6372 162.33 -113.022
TH_KNU1_A -44.532 182.472 20.0333
TH_KNU1_B -13.3648 160.389 46.4291
TH_KNU2_A -63.3465 192.593 -3.40499
TH_KNU3_A -78.0903 203.277 -15.3354
PALM_POSITION -2.32565 160.226 -9.64689
PALM_NORMAL -0.413551 -0.910028 0.0287145
