F4_KNU1_A -27.9991 195.453 -67.3793
F4_KNU1_B -19.7043 183.294 -30.2275
F4_KNU2_A -35.0295 199.687 -88.3097
F4_KNU3_A -41.3454 201.029 -102.831
F3_KNU1_A -2.27424 177.837 -77.7791
F3_KNU1_B -3.23408 171.369 -33.4252
F3_KNU2_A -5.12036 178.764 -104.059
F3_KNU3_A -8.93157 177.691 -121.084
F1_KNU1_A 31.7962 139.19 -57.604
F1_KNU1_B 23.9683 141.889 -25.7743
F1_KNU2_A 32.8362 135.841 -75.4554
F1_KNU3_A 31.218 131.581 -90.8268
F2_KNU1_A 16.8007 162.457 -71.5909
F2_KNU1_B 12.4812 157.438 -30.5633
F2_KNU2_A 16.1135 163.077 -97.3411
F2_KNU3_A 13.6577 162.003 -114.512
TH_KNU1_A -35.9072 197.143 17.5716
TH_KNU1_B -13.4591 167.137 44.9857
TH_KNU2_A -50.6867 214.554 -4.43267
TH_KNU3_A -61.1365 228.118 -17.8745
PALM_POSITION -1.17089 164.206 -10.7532
PALM_NORMAL -0.663471 -0.748201 0.00121066
