F4_KNU1_A -39.6323 203.507 -29.207
F4_KNU1_B -35.5832 174.718 2.42493
F4_KNU2_A -41.8434 214.562 -50.587
F4_KNU3_A -43.2807 218.808 -67.0739
F3_KNU1_A -22.5321 143.283 -31.4786
F3_KNU1_B -13.7405 177.914 0.873031
F3_KNU2_A -22.5618 116.081 -23.1908
F3_KNU3_A -20.73 102.745 -10.0785
F1_KNU1_A 25.503 187.463 -24.899
F1_KNU1_B 28.9428 168.36 4.65593
F1_KNU2_A 22.2457 194.807 -42.7319
F1_KNU3_A 18.5074 198.858 -59.0634
F2_KNU1_A 1.82505 176.142 -40.8987
F2_KNU1_B 8.79034 175.453 3.22929
F2_KNU2_A -3.43029 170.414 -67.4876
F2_KNU3_A -7.29901 163.859 -84.5509
TH_KNU1_A -51.3837 142.377 30.684
TH_KNU1_B -20.2743 118.84 61.8286
TH_KNU2_A -67.3005 157.815 4.78364
TH_KNU3_A -76.5072 168.083 -14.1249
PALM_POSITION -7.38768 159.652 17.7399
PALM_NORMAL -0.0245482 -0.799453 -0.600227
