F4_KNU1_A -25.3979 199.198 -67.344
F4_KNU1_B -17.1875 186.478 -30.362
F4_KNU2_A -32.1403 204.07 -88.2304
F4_KNU3_A -38.1245 206.072 -102.816
F3_KNU1_A -0.481417 180.795 -77.9855
F3_KNU1_B -0.844 174.394 -33.6131
F3_KNU2_A -3.20337 182.146 -104.26
F3_KNU3_A -6.65302 181.634 -121.388
F1_KNU1_A 33.499 141.263 -58.0975
F1_KNU1_B 25.8559 144.383 -26.2614
F1_KNU2_A 34.7911 137.941 -75.9375
F1_KNU3_A 33.6862 133.89 -91.4105
F2_KNU1_A 18.6119 165.123 -71.931
F2_KNU1_B 14.6426 160.188 -30.858
F2_KNU2_A 18.1755 166.095 -97.6758
F2_KNU3_A 16.1775 165.509 -114.929
TH_KNU1_A -34.2507 198.617 16.8627
TH_KNU1_B -12.0912 168.659 44.5619
TH_KNU2_A -49.0663 217.236 -4.10416
TH_KNU3_A -59.3889 230.858 -17.5863
PALM_POSITION 0.841456 166.728 -11.0746
PALM_NORMAL -0.673618 -0.738734 -0.0226092
