F4_KNU1_A -25.4916 200.045 -66.4783
F4_KNU1_B -16.5394 186.983 -29.7885
F4_KNU2_A -32.092 205.461 -87.2759
F4_KNU3_A -37.6578 208.083 -101.929
F3_KNU1_A 0.577556 183.637 -77.3155
F3_KNU1_B 0.636291 176.137 -33.1141
F3_KNU2_A -1.8284 185.82 -103.565
F3_KNU3_A -4.74612 185.971 -120.799
F1_KNU1_A 37.7016 145.187 -57.9571
F1_KNU1_B 29.0947 147.652 -26.31
F1_KNU2_A 40.3709 142.493 -75.7499
F1_KNU3_A 41.1203 139.157 -91.4138
F2_KNU1_A 20.7979 168.826 -71.4969
F2_KNU1_B 16.9645 162.869 -30.5466
F2_KNU2_A 21.0545 170.767 -97.1892
F2_KNU3_A 19.9849 171.039 -114.533
TH_KNU1_A -36.2193 195.226 17.3173
TH_KNU1_B -11.9373 166.43 44.4643
TH_KNU2_A -52.4251 213.492 -2.91839
TH_KNU3_A -63.7211 226.65 -16.0772
PALM_POSITION 2.32533 167.665 -10.8662
PALM_NORMAL -0.62257 -0.779521 -0.0689529
