F4_KNU1_A -42.5598 195.315 -62.6449
F4_KNU1_B -28.336 179.219 -28.9478
F4_KNU2_A -51.2384 201.488 -82.4442
F4_KNU3_A -57.6934 204.027 -96.7426
F3_KNU1_A -11.1223 197.512 -72.3793
F3_KNU1_B -8.04414 177.944 -32.1593
F3_KNU2_A -14.3893 205.406 -97.4116
F3_KNU3_A -17.3518 208.384 -114.379
F1_KNU1_A 45.6737 173.915 -54.4334
F1_KNU1_B 30.0841 164.207 -27.1494
F1_KNU2_A 53.1954 177.206 -70.6678
F1_KNU3_A 58.8403 178.419 -85.6248
F2_KNU1_A 13.878 192.07 -66.9927
F2_KNU1_B 12.4661 173.019 -30.0856
F2_KNU2_A 13.2626 200.784 -91.2335
F2_KNU3_A 11.9584 204.697 -108.116
TH_KNU1_A -52.8495 164.837 17.0182
TH_KNU1_B -16.4827 148.674 40.9351
TH_KNU2_A -76.2643 174.743 -1.93901
TH_KNU3_A -93.8464 182.776 -11.9504
PALM_POSITION -3.16759 166.903 -11.5705
PALM_NORMAL -0.19999 -0.943688 -0.263548
