F4_KNU1_A -47.1178 195.397 -60.3703
F4_KNU1_B -32.2393 178.3 -27.4581
F4_KNU2_A -56.0428 201.889 -79.9571
F4_KNU3_A -62.5791 204.466 -94.2116
F3_KNU1_A -16.2507 200.47 -69.5439
F3_KNU1_B -11.9136 178.504 -30.7022
F3_KNU2_A -20.0394 209.794 -94.0043
F3_KNU3_A -23.2187 213.677 -110.748
F1_KNU1_A 43.7991 178.695 -51.9495
F1_KNU1_B 27.0825 167.331 -26.0049
F1_KNU2_A 52.1734 182.867 -67.5518
F1_KNU3_A 58.7287 184.796 -82.0553
F2_KNU1_A 9.3292 196.376 -64.3579
F2_KNU1_B 8.89197 174.965 -28.7425
F2_KNU2_A 8.32172 206.573 -88.0001
F2_KNU3_A 6.87574 211.454 -104.616
TH_KNU1_A -56.0652 159.735 18.0421
TH_KNU1_B -18.1766 147.13 41.7352
TH_KNU2_A -80.4116 167.315 -0.813873
TH_KNU3_A -99.1456 173.953 -9.6938
PALM_POSITION -6.24814 167.379 -10.3617
PALM_NORMAL -0.134695 -0.949282 -0.284116
