F4_KNU1_A -51.0107 190.266 -61.3805
F4_KNU1_B -34.8296 173.19 -29.078
F4_KNU2_A -60.4076 197.112 -80.6229
F4_KNU3_A -67.1369 200.148 -94.6963
F3_KNU1_A -21.0798 198.313 -70.0034
F3_KNU1_B -14.5762 175.345 -32.0537
F3_KNU2_A -25.5881 209.233 -93.6684
F3_KNU3_A -28.9376 214.788 -109.899
F1_KNU1_A 44.4486 183.402 -48.5535
F1_KNU1_B 25.257 168.196 -26.5956
F1_KNU2_A 54.9781 191.157 -61.2011
F1_KNU3_A 64.1685 197.433 -72.7419
F2_KNU1_A 7.00976 197.381 -64.0447
F2_KNU1_B 6.44468 173.929 -29.7401
F2_KNU2_A 6.85209 210.265 -86.3582
F2_KNU3_A 6.42956 217.875 -101.976
TH_KNU1_A -58.6595 148.532 17.3736
TH_KNU1_B -18.8211 144.968 40.9531
TH_KNU2_A -84.413 150.056 -1.07088
TH_KNU3_A -104.662 152.977 -8.50817
PALM_POSITION -8.1523 165.249 -11.4041
PALM_NORMAL -0.0356763 -0.963489 -0.265361
