F4_KNU1_A -45.7884 168.221 -65.2159
F4_KNU1_B -29.6424 159.903 -29.6206
F4_KNU2_A -53.7852 169.099 -86.2091
F4_KNU3_A -58.6224 167.376 -101.249
F3_KNU1_A -22.45 191.444 -68.0834
F3_KNU1_B -10.8815 168.146 -31.5681
F3_KNU2_A -29.2091 203.911 -90.4105
F3_KNU3_A -33.6219 211.332 -105.608
F1_KNU1_A 36.9379 195.693 -46.7777
F1_KNU1_B 28.7829 173.773 -23.6536
F1_KNU2_A 41.4697 207.62 -59.7459
F1_KNU3_A 45.4803 217.963 -71.3211
F2_KNU1_A 3.77262 198.367 -60.7588
F2_KNU1_B 9.36318 173.344 -28.0523
F2_KNU2_A 0.319494 213.286 -81.4815
F2_KNU3_A -1.99933 222.959 -95.7318
TH_KNU1_A -49.5282 139.872 17.4363
TH_KNU1_B -10.296 139.529 42.266
TH_KNU2_A -72.9855 139.545 -3.90406
TH_KNU3_A -92.2687 139.887 -13.9996
PALM_POSITION -3.01463 160.977 -10.2065
PALM_NORMAL 0.279104 -0.932869 -0.227718
