F4_KNU1_A -37.3278 153.198 -66.9712
F4_KNU1_B -28.0813 157.414 -28.3238
F4_KNU2_A -39.8338 145.162 -87.8177
F4_KNU3_A -40.0288 136.682 -101.257
F3_KNU1_A -22.9677 190.308 -65.4398
F3_KNU1_B -9.69278 166.543 -29.8169
F3_KNU2_A -30.7177 203.364 -87.0986
F3_KNU3_A -35.7794 211.375 -101.786
F1_KNU1_A 33.5664 196.656 -44.4963
F1_KNU1_B 29.5479 173.821 -21.17
F1_KNU2_A 35.8073 209.034 -57.6389
F1_KNU3_A 37.7968 219.727 -69.4184
F2_KNU1_A 3.17861 197.86 -58.1128
F2_KNU1_B 10.2363 172.592 -25.8828
F2_KNU2_A -1.16018 212.953 -78.5412
F2_KNU3_A -4.0606 222.756 -92.5948
TH_KNU1_A -47.5013 137.241 17.6772
TH_KNU1_B -8.89296 136.53 43.4586
TH_KNU2_A -70.0285 137.445 -4.64428
TH_KNU3_A -89.0213 137.854 -15.2737
PALM_POSITION -1.82408 159.321 -8.47393
PALM_NORMAL 0.325124 -0.914446 -0.241006
