F4_KNU1_A -35.2893 152.927 -66.7881
F4_KNU1_B -27.7209 159.06 -28.0323
F4_KNU2_A -37.1346 144.29 -87.4625
F4_KNU3_A -37.0984 135.696 -100.83
F3_KNU1_A -22.3877 192.133 -64.6506
F3_KNU1_B -9.12966 167.786 -29.4166
F3_KNU2_A -30.1433 205.362 -86.2019
F3_KNU3_A -35.215 213.379 -100.883
F1_KNU1_A 34.3915 197.267 -43.6507
F1_KNU1_B 30.3355 173.885 -20.8798
F1_KNU2_A 36.6431 209.947 -56.4999
F1_KNU3_A 38.6336 220.906 -68.0325
F2_KNU1_A 4.02642 199.404 -57.0126
F2_KNU1_B 10.9667 173.247 -25.4731
F2_KNU2_A -0.25736 215.008 -77.0646
F2_KNU3_A -3.13176 225.131 -90.8955
TH_KNU1_A -46.7063 136.725 16.5921
TH_KNU1_B -8.52471 135.734 42.9924
TH_KNU2_A -69.0749 137.118 -5.88578
TH_KNU3_A -87.8684 137.66 -16.858
PALM_POSITION -1.28361 159.788 -8.34383
PALM_NORMAL 0.301333 -0.914864 -0.268744
