F4_KNU1_A -33.3585 154.638 -66.3247
F4_KNU1_B -26.381 160.656 -27.4403
F4_KNU2_A -35.4543 146.85 -87.3102
F4_KNU3_A -35.9298 139.197 -101.23
F3_KNU1_A -19.9233 193.797 -63.866
F3_KNU1_B -7.4907 168.71 -28.8507
F3_KNU2_A -27.23 207.372 -85.359
F3_KNU3_A -32.0275 215.559 -100.038
F1_KNU1_A 36.9277 196.701 -43.1052
F1_KNU1_B 32.2526 173.178 -20.5994
F1_KNU2_A 39.5084 209.401 -55.8728
F1_KNU3_A 41.7769 220.326 -67.3854
F2_KNU1_A 6.5228 200.031 -56.2376
F2_KNU1_B 12.8314 173.346 -25.0094
F2_KNU2_A 2.60288 215.887 -76.166
F2_KNU3_A -0.0434848 226.13 -89.9542
TH_KNU1_A -45.2181 136.638 16.0356
TH_KNU1_B -7.40725 135.312 42.9499
TH_KNU2_A -67.6663 137.186 -6.3595
TH_KNU3_A -86.3673 137.923 -17.4772
PALM_POSITION 0.247528 160.034 -8.0075
PALM_NORMAL 0.264454 -0.920251 -0.288446
