F4_KNU1_A -41.8732 173.928 -63.6868
F4_KNU1_B -30.0589 164.403 -26.7192
F4_KNU2_A -48.0502 176.956 -85.0903
F4_KNU3_A -52.1014 177.71 -100.439
F3_KNU1_A -20.0822 195.893 -65.1146
F3_KNU1_B -10.6207 170.674 -29.2746
F3_KNU2_A -25.7625 209.025 -87.3606
F3_KNU3_A -29.5556 216.598 -102.651
F1_KNU1_A 36.0509 193.328 -47.2093
F1_KNU1_B 29.844 171.08 -23.7956
F1_KNU2_A 39.3475 204.827 -60.9161
F1_KNU3_A 42.13 214.259 -73.5789
F2_KNU1_A 5.68057 199.912 -58.3195
F2_KNU1_B 10.2718 173.234 -26.7875
F2_KNU2_A 2.69252 215.347 -78.7348
F2_KNU3_A 0.593451 225.03 -93.0125
TH_KNU1_A -46.9581 137.813 15.1152
TH_KNU1_B -8.80007 135.047 41.4231
TH_KNU2_A -69.6128 139.039 -7.04389
TH_KNU3_A -87.6803 140.373 -19.1129
PALM_POSITION -2.33432 160.615 -9.28086
PALM_NORMAL 0.15348 -0.93105 -0.331044
