F4_KNU1_A -44.6109 183.198 -59.063
F4_KNU1_B -30.3079 164.581 -26.7253
F4_KNU2_A -52.4641 191.716 -78.3296
F4_KNU3_A -57.8455 196.445 -92.5154
F3_KNU1_A -20.0885 195.112 -65.837
F3_KNU1_B -10.8178 170.614 -29.4511
F3_KNU2_A -25.673 207.785 -88.3717
F3_KNU3_A -29.4132 215.038 -103.829
F1_KNU1_A 37.0539 192.84 -47.316
F1_KNU1_B 29.6796 170.634 -24.2033
F1_KNU2_A 41.0081 204.328 -60.8567
F1_KNU3_A 44.3771 213.758 -73.3779
F2_KNU1_A 6.38109 200.21 -58.2699
F2_KNU1_B 10.1151 172.97 -27.1064
F2_KNU2_A 3.91718 216.019 -78.467
F2_KNU3_A 2.16528 225.968 -92.6087
TH_KNU1_A -47.1371 138.622 15.2946
TH_KNU1_B -8.97943 135.662 41.5819
TH_KNU2_A -69.5729 139.855 -7.08575
TH_KNU3_A -87.5267 141.258 -19.3156
PALM_POSITION -2.52682 160.661 -9.40627
PALM_NORMAL 0.141493 -0.935853 -0.322735
