F4_KNU1_A -40.1578 185.618 -58.44
F4_KNU1_B -29.3457 163.627 -26.874
F4_KNU2_A -46.2686 196.421 -77.1852
F4_KNU3_A -50.5801 202.972 -91.0073
F3_KNU1_A -13.6129 163.404 -73.9414
F3_KNU1_B -9.33445 167.661 -29.5163
F3_KNU2_A -16.3305 154.143 -98.5674
F3_KNU3_A -18.1412 144.907 -113.297
F1_KNU1_A 37.4591 183.766 -48.9548
F1_KNU1_B 30.8706 164.593 -23.0575
F1_KNU2_A 40.841 193.46 -63.9731
F1_KNU3_A 43.5948 201.224 -77.7277
F2_KNU1_A 9.86891 188.608 -63.0002
F2_KNU1_B 11.6671 168.37 -26.7472
F2_KNU2_A 8.33706 198.85 -86.5945
F2_KNU3_A 7.05745 204.284 -103.052
TH_KNU1_A -49.2791 141.432 16.3645
TH_KNU1_B -12.2626 139.139 44.2986
TH_KNU2_A -69.7028 141.041 -7.89415
TH_KNU3_A -87.5954 142.37 -20.2217
PALM_POSITION -2.43023 158.841 -8.44169
PALM_NORMAL 0.0638697 -0.969641 -0.236046
