F4_KNU1_A -38.6508 184.883 -58.4725
F4_KNU1_B -28.2035 163.248 -26.5399
F4_KNU2_A -44.5376 195.11 -77.6083
F4_KNU3_A -48.6668 200.991 -91.7832
F3_KNU1_A -11.7071 160.003 -73.0071
F3_KNU1_B -8.15499 167.266 -28.9089
F3_KNU2_A -14.0014 148.798 -96.8561
F3_KNU3_A -15.5417 138.35 -110.784
F1_KNU1_A 38.2374 182.208 -48.6802
F1_KNU1_B 31.9575 164.149 -21.9199
F1_KNU2_A 41.4604 191.328 -64.0886
F1_KNU3_A 44.0888 198.634 -78.1154
F2_KNU1_A 11.1729 186.399 -63.0628
F2_KNU1_B 12.8084 167.951 -25.8592
F2_KNU2_A 9.78085 195.605 -87.0886
F2_KNU3_A 8.62084 200.417 -103.747
TH_KNU1_A -48.9828 140.579 16.6874
TH_KNU1_B -12.0937 138.632 44.8156
TH_KNU2_A -68.954 139.826 -7.93679
TH_KNU3_A -87.0014 141.097 -20.0427
PALM_POSITION -1.54062 158.407 -7.75808
PALM_NORMAL 0.0660819 -0.969335 -0.236691
