F4_KNU1_A -38.007 182.077 -59.4587
F4_KNU1_B -27.7286 162.119 -26.3992
F4_KNU2_A -43.7334 190.589 -79.4634
F4_KNU3_A -47.6786 194.743 -94.2869
F3_KNU1_A -11.1756 159.124 -72.8551
F3_KNU1_B -7.68177 166.175 -28.7177
F3_KNU2_A -13.4164 148.714 -97.0668
F3_KNU3_A -14.9274 139.033 -111.542
F1_KNU1_A 38.5079 180.708 -48.7674
F1_KNU1_B 32.4231 163.084 -21.6732
F1_KNU2_A 41.6519 189.686 -64.2747
F1_KNU3_A 44.2375 196.959 -78.3267
F2_KNU1_A 11.4778 183.967 -63.468
F2_KNU1_B 13.2755 166.876 -25.6295
F2_KNU2_A 10.0215 192.461 -87.751
F2_KNU3_A 8.84155 196.896 -104.513
TH_KNU1_A -48.7119 139.219 16.9113
TH_KNU1_B -11.7055 137.234 44.8822
TH_KNU2_A -68.5418 138.436 -7.82593
TH_KNU3_A -86.5652 139.683 -19.9699
PALM_POSITION -1.0909 157.238 -7.59207
PALM_NORMAL 0.0678391 -0.968265 -0.240544
