F4_KNU1_A -49.1314 186.061 -55.615
F4_KNU1_B -35.3858 166.64 -23.509
F4_KNU2_A -56.9328 195.608 -74.4146
F4_KNU3_A -62.4681 201.456 -88.1158
F3_KNU1_A -20.3319 191.699 -65.1773
F3_KNU1_B -15.2763 170.102 -26.2154
F3_KNU2_A -23.5413 203.001 -88.8745
F3_KNU3_A -25.7891 209.599 -104.904
F1_KNU1_A 26.8249 186.43 -45.6835
F1_KNU1_B 24.8769 164.947 -20.8568
F1_KNU2_A 26.9086 196.118 -61.0818
F1_KNU3_A 26.1757 202.681 -75.6909
F2_KNU1_A 8.31499 159.761 -64.0841
F2_KNU1_B 5.78102 169.762 -23.8267
F2_KNU2_A 9.01332 149.8 -87.8376
F2_KNU3_A 9.06442 141.402 -103.052
TH_KNU1_A -55.4292 142.231 18.2261
TH_KNU1_B -18.0884 135.628 45.0189
TH_KNU2_A -76.8317 145.246 -4.98179
TH_KNU3_A -94.5641 148.431 -17.2004
PALM_POSITION -8.3737 159.286 -6.09195
PALM_NORMAL 0.0206406 -0.948185 -0.317048
