F4_KNU1_A -43.9923 202.185 -28.8795
F4_KNU1_B -37.5286 174.768 3.55982
F4_KNU2_A -47.6318 212.479 -50.4433
F4_KNU3_A -50.08 216.358 -66.9018
F3_KNU1_A -24.6624 176.19 -45.2441
F3_KNU1_B -15.6337 177.624 2.08135
F3_KNU2_A -30.419 164.915 -70.7074
F3_KNU3_A -34.1178 153.507 -85.1751
F1_KNU1_A 24.4536 185.28 -25.1896
F1_KNU1_B 26.8662 167.004 4.98363
F1_KNU2_A 21.2506 191.061 -43.598
F1_KNU3_A 17.2839 192.984 -60.2616
F2_KNU1_A 1.13349 167.158 -39.5501
F2_KNU1_B 6.85414 174.572 4.13711
F2_KNU2_A -4.56686 151.579 -61.7355
F2_KNU3_A -8.94238 137.481 -73.1895
TH_KNU1_A -53.6314 140.873 29.4582
TH_KNU1_B -23.0608 114.909 59.175
TH_KNU2_A -70.2802 158.285 5.3302
TH_KNU3_A -80.3717 170.04 -12.2114
PALM_POSITION -9.56844 158.197 17.7069
PALM_NORMAL -0.0435762 -0.758734 -0.649942
