F4_KNU1_A -49.8681 186.243 -55.4861
F4_KNU1_B -36.0418 166.646 -23.5222
F4_KNU2_A -57.7226 195.92 -74.1971
F4_KNU3_A -63.3009 201.876 -87.8339
F3_KNU1_A -20.6852 191.309 -65.3597
F3_KNU1_B -15.9172 170.067 -26.1668
F3_KNU2_A -23.7335 202.316 -89.2165
F3_KNU3_A -25.8793 208.668 -105.359
F1_KNU1_A 25.799 185.914 -45.8563
F1_KNU1_B 24.2071 164.91 -20.5978
F1_KNU2_A 25.5039 194.885 -61.6802
F1_KNU3_A 24.3034 200.408 -76.6836
F2_KNU1_A 6.55426 154.698 -62.4059
F2_KNU1_B 5.1293 169.723 -23.6849
F2_KNU2_A 6.4476 141.432 -84.4952
F2_KNU3_A 5.92985 130.854 -98.274
TH_KNU1_A -56.2907 142.604 18.3121
TH_KNU1_B -19.0726 136.112 45.3022
TH_KNU2_A -77.6149 145.512 -4.98141
TH_KNU3_A -95.261 148.635 -17.34
PALM_POSITION -9.11276 159.39 -5.93604
PALM_NORMAL 0.0210033 -0.950476 -0.310088
