F4_KNU1_A -50.2791 185.862 -55.12
F4_KNU1_B -36.3056 166.329 -23.1813
F4_KNU2_A -58.2055 195.492 -73.8247
F4_KNU3_A -63.8272 201.407 -87.4618
F3_KNU1_A -21.0561 190.772 -65.0989
F3_KNU1_B -16.1962 169.926 -25.7056
F3_KNU2_A -24.1769 201.265 -89.1772
F3_KNU3_A -26.3781 207.105 -105.504
F1_KNU1_A 25.108 185.769 -45.4558
F1_KNU1_B 23.9359 165.162 -19.8493
F1_KNU2_A 24.4401 194.048 -61.6412
F1_KNU3_A 22.8179 198.541 -76.9458
F2_KNU1_A 5.38554 151.015 -60.1557
F2_KNU1_B 4.83547 169.786 -23.0824
F2_KNU2_A 4.68868 135.266 -80.5381
F2_KNU3_A 3.77691 123.068 -92.883
TH_KNU1_A -56.681 142.435 18.7478
TH_KNU1_B -19.5155 136.224 45.876
TH_KNU2_A -78.0449 145.212 -4.52535
TH_KNU3_A -95.5581 148.159 -17.1142
PALM_POSITION -9.42884 159.392 -5.38752
PALM_NORMAL 0.0318615 -0.951454 -0.306139
