F4_KNU1_A -50.3523 185.421 -55.152
F4_KNU1_B -36.2393 165.997 -23.2081
F4_KNU2_A -58.3491 194.94 -73.8838
F4_KNU3_A -64.0136 200.743 -87.5511
F3_KNU1_A -21.1709 190.187 -65.2174
F3_KNU1_B -16.1406 169.706 -25.6543
F3_KNU2_A -24.4039 200.256 -89.4612
F3_KNU3_A -26.683 205.693 -105.916
F1_KNU1_A 25.0113 185.746 -45.286
F1_KNU1_B 23.9961 165.131 -19.6802
F1_KNU2_A 24.2174 193.87 -61.5445
F1_KNU3_A 22.4609 198.078 -76.9151
F2_KNU1_A 5.36588 150.281 -59.7187
F2_KNU1_B 4.88281 169.666 -22.9619
F2_KNU2_A 4.65891 134.221 -79.8564
F2_KNU3_A 3.7574 121.856 -92.035
TH_KNU1_A -56.7194 141.96 18.7218
TH_KNU1_B -19.5218 135.76 45.8086
TH_KNU2_A -78.1812 144.796 -4.45386
TH_KNU3_A -95.6868 147.728 -17.0567
PALM_POSITION -9.38591 159.142 -5.34742
PALM_NORMAL 0.0377837 -0.950295 -0.309049
