F4_KNU1_A -50.9575 184.339 -55.8945
F4_KNU1_B -36.8035 166.488 -23.0633
F4_KNU2_A -58.929 192.827 -75.1263
F4_KNU3_A -64.5424 197.853 -89.1186
F3_KNU1_A -24.7541 191.108 -64.5622
F3_KNU1_B -16.7206 170.09 -25.7844
F3_KNU2_A -29.7655 201.819 -88.2214
F3_KNU3_A -33.2183 207.909 -104.238
F1_KNU1_A 26.6688 186.275 -45.8854
F1_KNU1_B 23.4828 164.197 -21.7172
F1_KNU2_A 27.0764 195.471 -61.5772
F1_KNU3_A 26.3374 200.819 -76.6739
F2_KNU1_A 7.21773 169.202 -65.295
F2_KNU1_B 4.37314 169.393 -23.8345
F2_KNU2_A 8.35639 166.171 -90.8576
F2_KNU3_A 8.80652 162.693 -107.879
TH_KNU1_A -56.4256 137.754 16.4731
TH_KNU1_B -18.5093 128.675 41.6865
TH_KNU2_A -79.4545 143.216 -4.63617
TH_KNU3_A -96.9806 147.408 -16.8485
PALM_POSITION -9.5384 157.275 -6.97523
PALM_NORMAL 0.00784853 -0.91179 -0.410582
