F4_KNU1_A -55.4414 185.999 -54.0711
F4_KNU1_B -40.6188 167.864 -21.6936
F4_KNU2_A -63.9072 194.84 -72.9281
F4_KNU3_A -69.9466 200.248 -86.597
F3_KNU1_A -30.4913 193.166 -63.1263
F3_KNU1_B -20.6076 170.21 -25.9063
F3_KNU2_A -36.627 205.632 -85.6335
F3_KNU3_A -40.849 213.236 -100.795
F1_KNU1_A 28.9547 173.869 -53.922
F1_KNU1_B 19.3298 161.75 -24.9019
F1_KNU2_A 33.7008 179.332 -70.6135
F1_KNU3_A 37.4298 183.193 -85.721
F2_KNU1_A -2.01673 186.008 -63.0023
F2_KNU1_B 0.4855 168.163 -25.5538
F2_KNU2_A -4.16397 195.122 -87.0075
F2_KNU3_A -5.94329 200.125 -103.555
TH_KNU1_A -58.7683 136.733 17.2377
TH_KNU1_B -19.9717 128.414 41.3504
TH_KNU2_A -82.4279 141.377 -3.36381
TH_KNU3_A -100.315 145.161 -15.18
PALM_POSITION -12.8677 156.805 -7.74033
PALM_NORMAL -0.0811032 -0.906906 -0.413453
