F4_KNU1_A -56.1901 183.639 -52.5986
F4_KNU1_B -42.1122 162.188 -21.9625
F4_KNU2_A -64.6713 194.008 -70.6537
F4_KNU3_A -70.9865 200.199 -83.8576
F3_KNU1_A -30.4991 188.819 -62.2488
F3_KNU1_B -22.3223 161.579 -27.5915
F3_KNU2_A -35.9745 203.731 -83.3972
F3_KNU3_A -39.984 212.842 -97.7651
F1_KNU1_A 23.2941 149.008 -59.4453
F1_KNU1_B 16.5566 149.093 -27.2538
F1_KNU2_A 24.5862 145.192 -77.1862
F1_KNU3_A 23.9583 139.32 -92.0914
F2_KNU1_A -2.19225 180.278 -62.6555
F2_KNU1_B -1.56266 157.326 -28.0158
F2_KNU2_A -3.26802 193.248 -84.894
F2_KNU3_A -4.4185 201.178 -100.315
TH_KNU1_A -60.0324 136.508 21.1657
TH_KNU1_B -20.9697 132.014 45.8578
TH_KNU2_A -82.2817 136.307 -1.43284
TH_KNU3_A -100.242 138.11 -13.5999
PALM_POSITION -14.6535 150.693 -7.78546
PALM_NORMAL -0.199511 -0.949595 -0.241794
