F4_KNU1_A -48.0486 197.923 -31.5798
F4_KNU1_B -40.2538 175.798 4.41315
F4_KNU2_A -52.5626 206.697 -53.6446
F4_KNU3_A -55.7602 210.698 -69.9445
F3_KNU1_A -24.9432 192.634 -43.1217
F3_KNU1_B -18.3176 177.755 2.24346
F3_KNU2_A -30.1342 194.079 -71.043
F3_KNU3_A -34.0392 191.387 -89.2266
F1_KNU1_A 21.5382 182.397 -27.0232
F1_KNU1_B 23.7888 165.439 3.9224
F1_KNU2_A 18.1623 187.411 -45.6245
F1_KNU3_A 13.8873 188.69 -62.2738
F2_KNU1_A -7.48494 149.612 -32.1047
F2_KNU1_B 4.0816 173.806 3.6324
F2_KNU2_A -15.3518 123.933 -38.8921
F2_KNU3_A -19.9527 105.908 -37.1523
TH_KNU1_A -56.4846 141.714 29.6985
TH_KNU1_B -26.4997 115.751 60.0066
TH_KNU2_A -73.4348 158.973 5.67086
TH_KNU3_A -83.7493 170.562 -11.8516
PALM_POSITION -12.5607 158.196 17.8213
PALM_NORMAL -0.0942015 -0.760395 -0.642592
