F4_KNU1_A -57.5723 182.33 -54.5744
F4_KNU1_B -42.5679 160.676 -24.527
F4_KNU2_A -66.4688 192.504 -72.5408
F4_KNU3_A -72.9937 198.326 -85.8106
F3_KNU1_A -31.0381 188.66 -63.8911
F3_KNU1_B -22.4871 162.051 -28.8361
F3_KNU2_A -36.7541 202.665 -85.5886
F3_KNU3_A -40.9235 210.827 -100.473
F1_KNU1_A 22.635 145.445 -57.4642
F1_KNU1_B 17.3162 153.38 -25.993
F1_KNU2_A 22.3739 136.058 -73.0462
F1_KNU3_A 20.1019 125.179 -84.6013
F2_KNU1_A -2.14083 181.004 -63.6608
F2_KNU1_B -1.42906 159.83 -27.9079
F2_KNU2_A -3.44302 191.732 -87.0519
F2_KNU3_A -4.84025 197.419 -103.414
TH_KNU1_A -62.3828 137.651 20.3553
TH_KNU1_B -23.0706 131.881 44.377
TH_KNU2_A -83.7045 138.346 -3.11102
TH_KNU3_A -102.558 141.362 -13.5672
PALM_POSITION -15.1073 151.722 -8.62604
PALM_NORMAL -0.0899568 -0.961485 -0.259719
