F4_KNU1_A -57.8986 181.063 -55.3729
F4_KNU1_B -42.6361 160.351 -24.7958
F4_KNU2_A -66.8459 190.554 -73.6846
F4_KNU3_A -73.3362 195.811 -87.2047
F3_KNU1_A -31.5522 187.771 -64.7763
F3_KNU1_B -22.5747 162.381 -28.9326
F3_KNU2_A -37.4955 200.787 -87.0221
F3_KNU3_A -41.7876 208.14 -102.287
F1_KNU1_A 26.0715 153.381 -57.8634
F1_KNU1_B 17.4202 154.617 -26.1567
F1_KNU2_A 29.2282 149.531 -75.3616
F1_KNU3_A 30.8281 144.073 -90.3512
F2_KNU1_A -2.84591 181.191 -64.0621
F2_KNU1_B -1.47223 160.659 -27.9563
F2_KNU2_A -4.51004 191.367 -87.676
F2_KNU3_A -6.11093 196.61 -104.167
TH_KNU1_A -62.6044 136.512 20.3254
TH_KNU1_B -22.7706 129.637 43.1681
TH_KNU2_A -84.0973 138.263 -2.92876
TH_KNU3_A -103.006 141.634 -13.174
PALM_POSITION -15.0398 151.533 -9.05464
PALM_NORMAL -0.0642571 -0.95366 -0.293945
