F4_KNU1_A -58.3144 179.919 -55.7178
F4_KNU1_B -43.4293 159.88 -24.5128
F4_KNU2_A -67.0029 189.106 -74.3066
F4_KNU3_A -73.2862 194.223 -87.9776
F3_KNU1_A -31.9397 186.5 -65.7684
F3_KNU1_B -23.4971 161.954 -29.2139
F3_KNU2_A -37.5266 199.05 -88.3712
F3_KNU3_A -41.5581 206.134 -103.834
F1_KNU1_A 24.4026 165.97 -57.457
F1_KNU1_B 16.5396 154.033 -27.8366
F1_KNU2_A 27.7986 170.436 -74.7627
F1_KNU3_A 30.0185 172.682 -90.4814
F2_KNU1_A -4.25257 180.849 -64.9148
F2_KNU1_B -2.38012 160.159 -28.9218
F2_KNU2_A -6.18122 191.355 -88.3637
F2_KNU3_A -7.93209 196.976 -104.715
TH_KNU1_A -61.5583 134.066 19.3687
TH_KNU1_B -21.5963 127.591 42.1041
TH_KNU2_A -83.6238 135.87 -3.33866
TH_KNU3_A -102.44 138.954 -13.8427
PALM_POSITION -15.3934 150.642 -9.82454
PALM_NORMAL -0.0761506 -0.94662 -0.313228
