F4_KNU1_A -48.682 196.556 -31.4353
F4_KNU1_B -40.7647 176.225 5.57431
F4_KNU2_A -53.389 205.441 -53.4153
F4_KNU3_A -56.8247 210.247 -69.4469
F3_KNU1_A -25.5877 190.309 -43.4247
F3_KNU1_B -18.8752 177.112 2.44533
F3_KNU2_A -30.8334 192.864 -71.2561
F3_KNU3_A -34.8419 191.98 -89.5944
F1_KNU1_A 21.1284 179.878 -28.6034
F1_KNU1_B 22.6148 162.759 2.29983
F1_KNU2_A 17.8649 185.167 -47.1485
F1_KNU3_A 13.465 186.785 -63.7355
F2_KNU1_A -10.9598 148.409 -32.2328
F2_KNU1_B 3.34451 172.077 2.85961
F2_KNU2_A -20.3417 123.109 -38.5012
F2_KNU3_A -25.7095 105.332 -36.4322
TH_KNU1_A -57.0661 141.379 29.7455
TH_KNU1_B -27.5332 115.538 60.5976
TH_KNU2_A -74.1028 158.377 5.59373
TH_KNU3_A -84.4036 169.68 -12.1225
PALM_POSITION -13.4018 157.285 17.784
PALM_NORMAL -0.159112 -0.754436 -0.636797
