F4_KNU1_A -54.9324 165.881 -58.4656
F4_KNU1_B -41.181 154.495 -22.7141
F4_KNU2_A -62.1741 168.717 -79.5593
F4_KNU3_A -66.8904 168.561 -94.7346
F3_KNU1_A -31.6616 185.624 -61.6792
F3_KNU1_B -21.6558 159.907 -26.3443
F3_KNU2_A -37.7297 199.59 -83.3059
F3_KNU3_A -41.8297 208.062 -98.0346
F1_KNU1_A 23.6655 182.059 -45.5992
F1_KNU1_B 19.0255 158.564 -23.0571
F1_KNU2_A 26.1528 194.802 -58.3426
F1_KNU3_A 28.2775 205.816 -69.7982
F2_KNU1_A -5.42829 188.174 -56.5461
F2_KNU1_B -0.568072 161.56 -24.9998
F2_KNU2_A -8.61557 203.846 -76.7491
F2_KNU3_A -10.8716 213.877 -90.7602
TH_KNU1_A -57.4078 131.066 21.4388
TH_KNU1_B -17.5612 124.413 44.3251
TH_KNU2_A -79.5543 134.373 -1.01909
TH_KNU3_A -97.7624 137.369 -12.5675
PALM_POSITION -12.7443 149.547 -6.77766
PALM_NORMAL 0.0948381 -0.937684 -0.334298
