F4_KNU1_A -53.6366 171.273 -57.6195
F4_KNU1_B -40.1139 155.936 -23.2858
F4_KNU2_A -61.2088 176.661 -78.0907
F4_KNU3_A -66.4407 178.441 -92.9908
F3_KNU1_A -28.9944 189.152 -59.5992
F3_KNU1_B -20.2105 159.44 -27.1945
F3_KNU2_A -34.6217 205.221 -79.8404
F3_KNU3_A -38.5989 214.887 -93.8506
F1_KNU1_A 33.579 172.355 -48.4693
F1_KNU1_B 20.1826 153.983 -24.7063
F1_KNU2_A 40.7297 181.5 -62.477
F1_KNU3_A 46.7882 188.686 -75.4651
F2_KNU1_A -0.991693 187.674 -56.1992
F2_KNU1_B 0.956828 158.955 -26.2241
F2_KNU2_A -2.50906 204.581 -75.585
F2_KNU3_A -3.72713 215.386 -89.1417
TH_KNU1_A -57.6866 129.971 19.0955
TH_KNU1_B -18.4711 122.388 42.7687
TH_KNU2_A -79.9809 133.574 -3.16991
TH_KNU3_A -97.8807 136.946 -15.0907
PALM_POSITION -12.0447 147.875 -7.98068
PALM_NORMAL -0.00529088 -0.935993 -0.351978
