F4_KNU1_A -52.8539 174.702 -56.1672
F4_KNU1_B -39.9247 156.717 -22.9062
F4_KNU2_A -60.536 181.772 -76.0779
F4_KNU3_A -66.1233 184.787 -90.6466
F3_KNU1_A -28.3452 188.627 -59.5894
F3_KNU1_B -19.9866 158.107 -27.8298
F3_KNU2_A -33.7184 205.748 -79.0214
F3_KNU3_A -37.5399 216.485 -92.2744
F1_KNU1_A 32.4118 163.339 -53.4524
F1_KNU1_B 19.8137 149.046 -26.6442
F1_KNU2_A 38.6823 169.565 -69.355
F1_KNU3_A 43.584 173.639 -84.0662
F2_KNU1_A 0.0109958 183.677 -58.4016
F2_KNU1_B 1.07088 155.7 -27.6895
F2_KNU2_A -0.973114 200.371 -78.0049
F2_KNU3_A -1.84566 211.198 -91.5707
TH_KNU1_A -57.4303 131.485 19.83
TH_KNU1_B -18.4012 125.213 44.1855
TH_KNU2_A -78.7656 132.849 -3.59446
TH_KNU3_A -96.2817 135.305 -16.2844
PALM_POSITION -12.0296 146.973 -8.2771
PALM_NORMAL -0.106703 -0.950369 -0.292254
