F4_KNU1_A -45.7024 191.87 -47.5232
F4_KNU1_B -34.4103 163.808 -21.4095
F4_KNU2_A -52.566 206.791 -62.875
F4_KNU3_A -57.7459 216.734 -74.1389
F3_KNU1_A -16.0323 190.754 -58.2982
F3_KNU1_B -14.2414 161.226 -24.6101
F3_KNU2_A -17.9776 206.837 -79.2063
F3_KNU3_A -19.8095 216.583 -93.6002
F1_KNU1_A 25.7163 131.526 -49.6315
F1_KNU1_B 22.8763 144.916 -19.7261
F1_KNU2_A 22.2416 119.873 -63.1628
F1_KNU3_A 16.3861 107.961 -72.1548
F2_KNU1_A 9.06183 162.871 -63.2394
F2_KNU1_B 5.89071 154.919 -22.5725
F2_KNU2_A 8.25973 162.336 -88.9882
F2_KNU3_A 6.19806 158.941 -105.907
TH_KNU1_A -59.4562 139.094 18.1368
TH_KNU1_B -24.7694 131.658 48.0922
TH_KNU2_A -80.2617 141.881 -5.6356
TH_KNU3_A -97.7424 146.484 -17.7646
PALM_POSITION -10.1558 149.624 -4.15794
PALM_NORMAL -0.261816 -0.92485 -0.275873
