F4_KNU1_A -30.9792 186.726 -56.3209
F4_KNU1_B -26.3918 163.747 -23.9504
F4_KNU2_A -34.4389 196.525 -76.2566
F4_KNU3_A -37.3837 201.323 -91.1183
F3_KNU1_A -7.50756 170.368 -68.8311
F3_KNU1_B -5.96783 161.383 -24.9344
F3_KNU2_A -10.6784 169.638 -95.0801
F3_KNU3_A -13.874 166.007 -111.877
F1_KNU1_A 35.6564 146.32 -49.2441
F1_KNU1_B 30.4559 144.806 -16.8041
F1_KNU2_A 35.191 142.767 -67.0804
F1_KNU3_A 32.5728 136.895 -81.7673
F2_KNU1_A 15.9696 160.621 -62.0852
F2_KNU1_B 13.8391 154.965 -20.9686
F2_KNU2_A 14.4089 158.15 -87.6858
F2_KNU3_A 11.8848 153.408 -104.214
TH_KNU1_A -55.5344 138.855 11.3515
TH_KNU1_B -24.655 127.198 44.0069
TH_KNU2_A -75.656 146.183 -12.0403
TH_KNU3_A -91.5144 152.587 -25.5082
PALM_POSITION -4.19982 148.491 -4.92765
PALM_NORMAL -0.220659 -0.905287 -0.362994
