F4_KNU1_A -30.6066 175.751 -62.1039
F4_KNU1_B -26.4694 162.05 -24.7936
F4_KNU2_A -33.4441 179.979 -84.0016
F4_KNU3_A -35.7067 180.889 -99.7055
F3_KNU1_A -6.00136 176.85 -67.6048
F3_KNU1_B -5.94305 160.831 -25.7311
F3_KNU2_A -7.59093 181.663 -93.5646
F3_KNU3_A -9.46555 182.21 -110.934
F1_KNU1_A 37.1116 155.81 -48.7653
F1_KNU1_B 31.295 146.005 -17.9156
F1_KNU2_A 38.0843 157.701 -66.8332
F1_KNU3_A 37.3119 156.789 -82.8213
F2_KNU1_A 17.4145 169.864 -60.6687
F2_KNU1_B 14.1673 155.374 -21.8538
F2_KNU2_A 17.573 174.464 -86.0212
F2_KNU3_A 16.641 175.031 -103.366
TH_KNU1_A -54.7022 136.607 10.664
TH_KNU1_B -23.0291 123.492 41.9785
TH_KNU2_A -74.5517 144.612 -12.7385
TH_KNU3_A -89.7103 150.929 -27.0282
PALM_POSITION -3.55934 147.42 -6.13355
PALM_NORMAL -0.169509 -0.903847 -0.392846
