F4_KNU1_A -33.0164 157.447 -66.5284
F4_KNU1_B -29.3906 150.146 -27.4076
F4_KNU2_A -34.6303 156.288 -88.9224
F4_KNU3_A -35.4829 152.504 -104.334
F3_KNU1_A -11.0094 177.089 -66.2907
F3_KNU1_B -9.07196 153.307 -28.3346
F3_KNU2_A -12.6593 187.42 -90.5839
F3_KNU3_A -14.0283 191.894 -107.425
F1_KNU1_A 35.0006 167.042 -45.596
F1_KNU1_B 30.383 147.476 -19.5662
F1_KNU2_A 36.6373 175.447 -61.6475
F1_KNU3_A 37.3168 180.755 -76.7605
F2_KNU1_A 12.8572 176.635 -58.0299
F2_KNU1_B 11.6917 152.615 -24.1361
F2_KNU2_A 12.9164 188.412 -80.9475
F2_KNU3_A 12.5478 194.297 -97.2955
TH_KNU1_A -52.5081 129.531 12.4388
TH_KNU1_B -18.5687 118.373 42.0938
TH_KNU2_A -70.9373 135.636 -12.6383
TH_KNU3_A -86.243 140.674 -27.2748
PALM_POSITION -4.10393 142.239 -7.78206
PALM_NORMAL 0.0336155 -0.946102 -0.322119
