F4_KNU1_A -30.0209 146.213 -67.0797
F4_KNU1_B -28.8997 148.199 -27.1836
F4_KNU2_A -29.9122 139.432 -88.5141
F4_KNU3_A -29.4476 131.851 -102.474
F3_KNU1_A -12.0688 177.195 -65.1555
F3_KNU1_B -8.73904 152.261 -28.0444
F3_KNU2_A -14.3609 188.687 -88.8682
F3_KNU3_A -16.0473 194.207 -105.367
F1_KNU1_A 34.9981 169.61 -43.7334
F1_KNU1_B 30.8882 148.318 -19.0051
F1_KNU2_A 36.6139 179.436 -58.9584
F1_KNU3_A 37.4805 186.364 -73.391
F2_KNU1_A 11.6752 178.119 -56.4963
F2_KNU1_B 12.0106 152.556 -23.7318
F2_KNU2_A 11.0003 191.393 -78.5703
F2_KNU3_A 10.2596 198.619 -94.3584
TH_KNU1_A -50.8596 127.793 12.5446
TH_KNU1_B -17.0516 117.765 42.7482
TH_KNU2_A -69.2986 133.359 -12.6502
TH_KNU3_A -84.5387 137.893 -27.5182
PALM_POSITION -3.39409 141.671 -7.33555
PALM_NORMAL 0.0779839 -0.947344 -0.310577
