F4_KNU1_A -24.4382 140.802 -66.2603
F4_KNU1_B -24.5416 144.956 -26.5158
F4_KNU2_A -23.7362 136.142 -88.2428
F4_KNU3_A -22.9089 131.664 -103.469
F3_KNU1_A -9.05837 173.881 -65.4551
F3_KNU1_B -5.11663 151.764 -26.6561
F3_KNU2_A -11.1847 184.215 -89.7092
F3_KNU3_A -12.4553 189.352 -106.368
F1_KNU1_A 41.7853 176.683 -38.0448
F1_KNU1_B 34.2661 153.468 -15.9942
F1_KNU2_A 45.9338 189.121 -50.6563
F1_KNU3_A 49.5773 199.735 -62.1063
F2_KNU1_A 13.4252 179.433 -55.0977
F2_KNU1_B 15.1968 154.987 -21.5363
F2_KNU2_A 12.3212 193.046 -76.9468
F2_KNU3_A 11.5764 201.226 -92.2619
TH_KNU1_A -42.2818 116.648 9.60002
TH_KNU1_B -11.5172 117.337 44.3686
TH_KNU2_A -59.5203 115.611 -16.9993
TH_KNU3_A -74.6077 115.398 -32.6901
PALM_POSITION 0.775379 142.277 -5.56424
PALM_NORMAL 0.220833 -0.93119 -0.29003
