F4_KNU1_A -22.0838 137.851 -76.4733
F4_KNU1_B -14.7949 133.482 -37.4263
F4_KNU2_A -24.718 138.006 -98.7999
F4_KNU3_A -25.6688 136.718 -114.611
F3_KNU1_A -5.27968 161.398 -79.8143
F3_KNU1_B 1.53586 145.983 -38.2695
F3_KNU2_A -8.72509 169.168 -104.861
F3_KNU3_A -10.6491 173.491 -121.688
F1_KNU1_A 38.9943 179.312 -54.8665
F1_KNU1_B 37.537 161.708 -27.1236
F1_KNU2_A 40.0527 188.116 -70.7518
F1_KNU3_A 41.1868 195.092 -85.1427
F2_KNU1_A 15.4697 174.42 -70.4528
F2_KNU1_B 19.4115 156.228 -33.2961
F2_KNU2_A 13.378 184.784 -93.9506
F2_KNU3_A 12.1887 191.193 -110.061
TH_KNU1_A -24.4993 104.427 2.97564
TH_KNU1_B 0.642058 122.767 37.4334
TH_KNU2_A -36.1246 92.2771 -23.9129
TH_KNU3_A -47.8937 83.6787 -40.0818
PALM_POSITION 8.43247 142.247 -15.7292
PALM_NORMAL 0.518685 -0.846396 -0.120747
