F4_KNU1_A -32.8355 158.106 -72.2516
F4_KNU1_B -27.5278 145.396 -34.7395
F4_KNU2_A -36.3285 161.082 -94.2603
F4_KNU3_A -39.0465 160.414 -109.904
F3_KNU1_A -4.81975 162.009 -77.8711
F3_KNU1_B -7.00162 145.413 -36.2797
F3_KNU2_A -4.85639 166.699 -103.902
F3_KNU3_A -5.70005 166.517 -121.36
F1_KNU1_A 42.1176 146.45 -55.3629
F1_KNU1_B 31.5711 137.351 -25.5691
F1_KNU2_A 46.1967 147.39 -73.0672
F1_KNU3_A 48.1832 144.889 -88.7786
F2_KNU1_A 20.6482 157.281 -70.2518
F2_KNU1_B 13.5968 143.287 -31.7609
F2_KNU2_A 23.4769 160.652 -95.6401
F2_KNU3_A 24.3315 159.494 -112.959
TH_KNU1_A -53.0366 142.487 10.4475
TH_KNU1_B -19.1338 135.021 41.2802
TH_KNU2_A -70.1259 142.726 -16.267
TH_KNU3_A -84.8778 145.218 -32.0797
PALM_POSITION -2.98533 140.533 -13.2657
PALM_NORMAL -0.0984668 -0.994955 -0.0191929
