F4_KNU1_A -39.3965 201.74 -64.9607
F4_KNU1_B -33.6389 180.183 -31.8089
F4_KNU2_A -44.1258 208.252 -85.9528
F4_KNU3_A -48.2038 208.922 -101.298
F3_KNU1_A -9.61308 202.541 -71.6137
F3_KNU1_B -13.2753 178.251 -34.1088
F3_KNU2_A -10.1009 210.529 -96.8236
F3_KNU3_A -12.0252 211.534 -114.168
F1_KNU1_A 34.8058 177.465 -54.9819
F1_KNU1_B 24.1814 163.555 -27.1374
F1_KNU2_A 37.5731 180.412 -72.7195
F1_KNU3_A 37.302 178.982 -88.686
F2_KNU1_A 14.3892 193.309 -66.4083
F2_KNU1_B 6.97313 172.793 -31.0361
F2_KNU2_A 16.0989 199.92 -91.2536
F2_KNU3_A 15.378 200.271 -108.614
TH_KNU1_A -58.7106 168.843 11.8704
TH_KNU1_B -25.6826 151.022 39.2083
TH_KNU2_A -76.4967 177.433 -12.9416
TH_KNU3_A -90.5932 184.716 -27.8454
PALM_POSITION -9.60925 167.579 -13.0787
PALM_NORMAL -0.216444 -0.943719 -0.250091
