F4_KNU1_A -44.6965 215.566 -53.9811
F4_KNU1_B -36.1032 188.669 -25.704
F4_KNU2_A -50.6371 224.917 -73.544
F4_KNU3_A -55.2023 227.257 -88.5852
F3_KNU1_A -16.1368 221.037 -60.5905
F3_KNU1_B -15.7816 189.309 -28.9166
F3_KNU2_A -18.6036 233.75 -83.6535
F3_KNU3_A -21.4954 237.809 -100.407
F1_KNU1_A 29.8372 199.361 -49.6832
F1_KNU1_B 23.1758 177.386 -26.1375
F1_KNU2_A 30.7428 207.265 -66.0437
F1_KNU3_A 29.229 210.137 -81.7442
F2_KNU1_A 8.25589 214.775 -56.8312
F2_KNU1_B 5.01228 185.426 -27.5881
F2_KNU2_A 7.74012 227.453 -79.2579
F2_KNU3_A 5.83227 231.899 -95.9496
TH_KNU1_A -57.4881 166.713 15.1267
TH_KNU1_B -22.0663 146.834 37.6198
TH_KNU2_A -76.4125 178.326 -7.51729
TH_KNU3_A -90.4038 186.696 -21.9418
PALM_POSITION -10.1317 175.069 -10.6168
PALM_NORMAL -0.138945 -0.891475 -0.431239
