F4_KNU1_A -46.0008 219.12 -50.9301
F4_KNU1_B -36.9966 190.112 -24.9612
F4_KNU2_A -52.0589 229.875 -69.7203
F4_KNU3_A -56.617 233.225 -84.5713
F3_KNU1_A -18.1163 225.348 -57.6237
F3_KNU1_B -16.7219 191.533 -28.2191
F3_KNU2_A -21.0932 239.44 -79.8083
F3_KNU3_A -24.2278 244.407 -96.2712
F1_KNU1_A 28.2794 205.021 -47.6479
F1_KNU1_B 22.5625 180.523 -26.4615
F1_KNU2_A 28.7957 214.695 -63.0462
F1_KNU3_A 27.0643 219.274 -78.3132
F2_KNU1_A 6.28743 220.122 -53.7183
F2_KNU1_B 4.17819 188.141 -27.2632
F2_KNU2_A 5.1655 234.788 -74.8745
F2_KNU3_A 2.93243 240.678 -91.0713
TH_KNU1_A -57.6268 165.151 14.9153
TH_KNU1_B -21.4059 144.394 35.2374
TH_KNU2_A -76.6057 177.908 -7.05801
TH_KNU3_A -90.0951 186.804 -21.6449
PALM_POSITION -10.5652 176.22 -10.9794
PALM_NORMAL -0.117588 -0.86295 -0.491417
