F4_KNU1_A -36.9931 204.011 -51.9605
F4_KNU1_B -30.7418 179.376 -21.123
F4_KNU2_A -41.1497 204.885 -74.0375
F4_KNU3_A -43.524 196.809 -87.5169
F3_KNU1_A -12.3219 206.414 -59.9071
F3_KNU1_B -10.3093 180.876 -23.1132
F3_KNU2_A -17.33 202.341 -85.5572
F3_KNU3_A -21.3289 189.35 -96.5463
F1_KNU1_A 34.7483 186.664 -45.4351
F1_KNU1_B 28.9269 171.435 -16.8712
F1_KNU2_A 31.8582 181.929 -62.7611
F1_KNU3_A 25.8782 169.672 -71.1916
F2_KNU1_A 12.2317 197.483 -56.9783
F2_KNU1_B 10.5188 178.292 -20.1565
F2_KNU2_A 7.86054 188.947 -80.8937
F2_KNU3_A 3.2844 174.078 -88.6395
TH_KNU1_A -50.2322 162.994 17.9565
TH_KNU1_B -18.8705 143.976 46.4265
TH_KNU2_A -63.5368 172.803 -9.10884
TH_KNU3_A -72.115 179.299 -28.0323
PALM_POSITION -5.18248 168.596 -3.30167
PALM_NORMAL -0.0648068 -0.931535 -0.35783
