F4_KNU1_A -31.9907 193.603 -59.1705
F4_KNU1_B -24.3956 179.703 -22.4826
F4_KNU2_A -32.6731 172.805 -67.6796
F4_KNU3_A -29.9899 162.33 -56.0339
F3_KNU1_A -7.92319 195.939 -65.4948
F3_KNU1_B -3.8806 181.133 -23.3703
F3_KNU2_A -13.0369 171.603 -74.5063
F3_KNU3_A -12.7938 160.251 -61.2174
F1_KNU1_A 36.7818 181.484 -47.4835
F1_KNU1_B 34.9412 170.458 -16.5522
F1_KNU2_A 29.392 166.396 -54.4623
F1_KNU3_A 25.705 155.589 -43.207
F2_KNU1_A 17.9315 191.813 -58.9668
F2_KNU1_B 16.7658 177.918 -19.8173
F2_KNU2_A 11.175 168.72 -68.1862
F2_KNU3_A 9.07404 157.628 -54.9736
TH_KNU1_A -42.4269 155.527 7.84561
TH_KNU1_B -15.9552 136.413 40.8559
TH_KNU2_A -50.8611 165.361 -21.1013
TH_KNU3_A -51.6011 170.025 -42.3517
PALM_POSITION 0.221044 166.529 -4.94553
PALM_NORMAL -0.0567287 -0.881781 -0.468236
