F4_KNU1_A -31.0737 195.709 -55.0361
F4_KNU1_B -23.596 180.744 -18.745
F4_KNU2_A -31.6687 175.068 -63.9274
F4_KNU3_A -29.0008 164.414 -52.4413
F3_KNU1_A -7.29334 196.708 -61.5814
F3_KNU1_B -3.06818 182.114 -19.4009
F3_KNU2_A -12.2926 172.164 -70.0778
F3_KNU3_A -11.937 160.97 -56.6574
F1_KNU1_A 37.7487 183.244 -43.1935
F1_KNU1_B 35.6477 170.954 -12.7593
F1_KNU2_A 30.3246 168.401 -50.6459
F1_KNU3_A 26.6216 157.34 -39.6467
F2_KNU1_A 18.3796 192.78 -54.9005
F2_KNU1_B 17.5335 178.642 -15.8302
F2_KNU2_A 11.5507 169.677 -64.0401
F2_KNU3_A 9.54062 158.445 -50.9316
TH_KNU1_A -41.723 154.043 9.3278
TH_KNU1_B -15.8748 134.592 42.6346
TH_KNU2_A -50.5695 164.641 -19.2237
TH_KNU3_A -50.8948 169.655 -40.4044
PALM_POSITION 0.815218 166.671 -1.62379
PALM_NORMAL -0.0567692 -0.859408 -0.508128
