F4_KNU1_A -52.5546 195.708 -31.0938
F4_KNU1_B -42.8912 174.997 5.28498
F4_KNU2_A -58.2156 205.793 -52.318
F4_KNU3_A -62.3258 212.034 -67.6825
F3_KNU1_A -29.8065 192.467 -42.1797
F3_KNU1_B -21.0239 175.021 1.88602
F3_KNU2_A -36.0264 199.237 -69.0889
F3_KNU3_A -40.6007 201.927 -87.1162
F1_KNU1_A 12.1799 148.692 -32.0054
F1_KNU1_B 19.8207 158.949 0.959628
F1_KNU2_A 2.29998 136.191 -43.3474
F1_KNU3_A -8.01493 123.306 -48.3162
F2_KNU1_A -3.19614 181.705 -40.7219
F2_KNU1_B 0.967751 169.054 1.92628
F2_KNU2_A -7.39701 185.555 -67.8316
F2_KNU3_A -10.9786 186.157 -86.1592
TH_KNU1_A -61.7743 139.896 29.9954
TH_KNU1_B -31.546 112.87 59.1096
TH_KNU2_A -77.5937 157.2 5.24012
TH_KNU3_A -88.7628 169.168 -11.4859
PALM_POSITION -16.2005 154.721 16.8187
PALM_NORMAL -0.198539 -0.73603 -0.647181
