F4_KNU1_A -33.3768 197.6 -50.1116
F4_KNU1_B -22.1823 182.182 -14.9851
F4_KNU2_A -33.9773 177.099 -59.3216
F4_KNU3_A -29.9339 166.232 -48.4543
F3_KNU1_A -4.64467 200.768 -56.097
F3_KNU1_B -1.61802 183.079 -15.0119
F3_KNU2_A -9.98157 177.011 -66.4288
F3_KNU3_A -10.1196 164.961 -53.7682
F1_KNU1_A 39.6105 183.853 -37.9394
F1_KNU1_B 36.6274 170.612 -7.98141
F1_KNU2_A 31.9883 169.374 -45.892
F1_KNU3_A 27.8472 158.089 -35.2836
F2_KNU1_A 20.5777 195.277 -49.2497
F2_KNU1_B 18.7893 178.905 -11.0939
F2_KNU2_A 13.4768 172.852 -59.7674
F2_KNU3_A 11.0506 160.973 -47.3165
TH_KNU1_A -41.5539 152.034 9.45798
TH_KNU1_B -17.2602 132.473 43.8525
TH_KNU2_A -50.9823 163.379 -18.6158
TH_KNU3_A -51.7139 169.059 -39.6178
PALM_POSITION 1.40564 166.57 1.95501
PALM_NORMAL -0.0622891 -0.827794 -0.557563
