F4_KNU1_A -33.8193 198.421 -47.1019
F4_KNU1_B -20.4312 181.776 -13.3291
F4_KNU2_A -34.8195 178.31 -57.1014
F4_KNU3_A -30.0284 167.17 -46.8304
F3_KNU1_A -2.92159 200.119 -53.9936
F3_KNU1_B 0.142448 182.312 -12.9628
F3_KNU2_A -8.44805 176.422 -64.3604
F3_KNU3_A -8.62814 164.305 -51.7638
F1_KNU1_A 39.2257 180.872 -35.9792
F1_KNU1_B 38.0235 169.138 -5.27775
F1_KNU2_A 31.439 165.834 -42.6283
F1_KNU3_A 27.9404 154.878 -31.4583
F2_KNU1_A 20.8762 191.043 -48.0579
F2_KNU1_B 20.3955 177.759 -8.68247
F2_KNU2_A 13.5245 167.844 -56.5256
F2_KNU3_A 11.3728 156.497 -43.5393
TH_KNU1_A -40.8135 150.337 9.76399
TH_KNU1_B -17.4972 131.696 45.3262
TH_KNU2_A -50.8931 161.397 -18.1973
TH_KNU3_A -51.6897 166.772 -39.2771
PALM_POSITION 2.55419 165.667 3.97025
PALM_NORMAL -0.0661815 -0.823784 -0.563028
