F4_KNU1_A -33.618 196.503 -45.8309
F4_KNU1_B -19.3561 181.149 -11.8053
F4_KNU2_A -34.7317 176.077 -55.1568
F4_KNU3_A -29.6999 165.045 -44.8837
F3_KNU1_A -2.99871 197.168 -52.9973
F3_KNU1_B 1.22237 181.161 -11.3322
F3_KNU2_A -8.91938 173.085 -62.1936
F3_KNU3_A -8.88235 161.189 -49.3874
F1_KNU1_A 38.1227 175.926 -35.1965
F1_KNU1_B 38.7182 166.979 -3.55338
F1_KNU2_A 29.9967 160.421 -40.1495
F1_KNU3_A 26.7858 149.903 -28.4831
F2_KNU1_A 20.7771 185.234 -47.5146
F2_KNU1_B 21.3315 176.067 -6.98367
F2_KNU2_A 12.8603 161.428 -53.388
F2_KNU3_A 10.7077 150.846 -39.7711
TH_KNU1_A -41.1296 148.351 10.3725
TH_KNU1_B -17.9922 130.594 46.4995
TH_KNU2_A -52.6967 159.223 -17.082
TH_KNU3_A -52.1165 163.503 -38.4179
PALM_POSITION 3.12506 164.341 5.49168
PALM_NORMAL -0.0840512 -0.817817 -0.569307
