F4_KNU1_A -24.8016 171.943 -63.1694
F4_KNU1_B -11.8828 171.285 -25.3597
F4_KNU2_A -26.6169 149.555 -64.1361
F4_KNU3_A -22.6103 141.68 -50.9267
F3_KNU1_A 5.1582 169.907 -68.2209
F3_KNU1_B 8.53043 169.387 -23.5177
F3_KNU2_A -2.82299 144.7 -68.9238
F3_KNU3_A -4.07048 136.82 -53.3714
F1_KNU1_A 47.9923 155.082 -42.7699
F1_KNU1_B 43.8507 153.837 -10.1663
F1_KNU2_A 38.3051 139.955 -45.6514
F1_KNU3_A 32.2141 132.722 -32.7043
F2_KNU1_A 30.24 164.211 -58.2438
F2_KNU1_B 27.745 163.518 -16.7661
F2_KNU2_A 20.0921 140.605 -60.169
F2_KNU3_A 16.0569 133.16 -44.9928
TH_KNU1_A -38.3254 147.578 2.55496
TH_KNU1_B -18.6281 136.098 43.0027
TH_KNU2_A -45.5834 152.021 -27.9957
TH_KNU3_A -39.704 149.042 -48.7426
PALM_POSITION 7.83388 156.927 -3.17424
PALM_NORMAL -0.150371 -0.91706 -0.369309
