F4_KNU1_A -21.6232 137.682 -78.072
F4_KNU1_B -11.3526 144.973 -40.1477
F4_KNU2_A -21.8692 115.707 -82.8114
F4_KNU3_A -18.581 103.46 -73.2322
F3_KNU1_A 5.87188 139.62 -82.3165
F3_KNU1_B 8.9787 147.612 -38.3108
F3_KNU2_A 2.56106 114.165 -88.6952
F3_KNU3_A 1.38368 99.9445 -78.6002
F1_KNU1_A 55.47 132.376 -51.9843
F1_KNU1_B 46.2484 143.024 -22.2641
F1_KNU2_A 50.94 115.485 -56.9976
F1_KNU3_A 43.0169 103.149 -50.5101
F2_KNU1_A 32.5483 135.475 -70.3303
F2_KNU1_B 28.7652 147.449 -30.7146
F2_KNU2_A 28.7981 110.816 -76.7943
F2_KNU3_A 24.6969 96.0707 -68.5612
TH_KNU1_A -36.1487 138.897 -3.6156
TH_KNU1_B -13.0953 127.013 34.8954
TH_KNU2_A -38.4535 141.19 -35.1623
TH_KNU3_A -39.0694 142.333 -56.8922
PALM_POSITION 10.1318 140.635 -15.5165
PALM_NORMAL 0.041419 -0.99077 -0.129073
