F4_KNU1_A -55.6376 196.865 -31.7374
F4_KNU1_B -44.702 178.446 5.50424
F4_KNU2_A -61.8512 206.469 -53.0295
F4_KNU3_A -66.2726 212.85 -68.2497
F3_KNU1_A -33.3359 193.779 -41.7448
F3_KNU1_B -22.7348 178.937 2.87128
F3_KNU2_A -39.8486 201.464 -68.3373
F3_KNU3_A -44.2708 206.029 -86.022
F1_KNU1_A 6.16264 149.024 -27.1819
F1_KNU1_B 18.3698 163.515 2.67228
F1_KNU2_A -5.04866 133.703 -31.8843
F1_KNU3_A -14.8604 119.723 -29.5576
F2_KNU1_A -7.17604 185.314 -39.1185
F2_KNU1_B -0.664565 173.293 3.41818
F2_KNU2_A -11.7195 191.329 -65.7751
F2_KNU3_A -15.019 194.694 -83.855
TH_KNU1_A -64.3241 141.347 27.8461
TH_KNU1_B -34.2045 114.201 56.9615
TH_KNU2_A -81.3624 159.348 4.43348
TH_KNU3_A -92.745 171.641 -11.9081
PALM_POSITION -18.0987 158.076 17.0732
PALM_NORMAL -0.164559 -0.709885 -0.684824
