F4_KNU1_A -19.3102 139.034 -77.463
F4_KNU1_B -8.82024 141.142 -38.9609
F4_KNU2_A -21.0269 120.315 -89.7954
F4_KNU3_A -18.9604 104.731 -87.4622
F3_KNU1_A 10.9239 141.71 -81.3676
F3_KNU1_B 11.2698 144.986 -36.6555
F3_KNU2_A 9.50568 119.851 -96.1927
F3_KNU3_A 8.42565 102.535 -94.0725
F1_KNU1_A 64.9851 133.183 -45.8273
F1_KNU1_B 48.2147 143.165 -19.3542
F1_KNU2_A 67.2608 118.124 -55.7777
F1_KNU3_A 63.9033 102.696 -58.5622
F2_KNU1_A 38.2654 135.801 -68.0145
F2_KNU1_B 30.7888 146.248 -28.4916
F2_KNU2_A 38.8678 114.746 -82.8553
F2_KNU3_A 37.0384 97.5492 -84.5754
TH_KNU1_A -34.969 132.582 -3.09903
TH_KNU1_B -11.9249 126.294 36.7159
TH_KNU2_A -37.163 131.771 -34.7264
TH_KNU3_A -47.5315 134.548 -53.6647
PALM_POSITION 12.0888 139.052 -13.5534
PALM_NORMAL 0.0993471 -0.991479 -0.0842586
