F4_KNU1_A -18.8745 142.234 -71.3229
F4_KNU1_B -8.56593 141.177 -32.7287
F4_KNU2_A -22.2642 129.044 -89.2108
F4_KNU3_A -22.4236 114.42 -95.4285
F3_KNU1_A 13.4608 145.657 -74.9302
F3_KNU1_B 11.4137 145.401 -30.1444
F3_KNU2_A 13.7198 129.731 -96.0462
F3_KNU3_A 13.3108 113.57 -102.694
F1_KNU1_A 69.6621 135.021 -35.0565
F1_KNU1_B 48.0632 144.542 -12.1542
F1_KNU2_A 77.9017 123.418 -46.3901
F1_KNU3_A 81.8685 110.089 -54.3691
F2_KNU1_A 40.4186 137.989 -61.0293
F2_KNU1_B 30.7581 147.151 -21.6614
F2_KNU2_A 44.3723 122.98 -81.5968
F2_KNU3_A 45.701 109.12 -91.9974
TH_KNU1_A -35.8597 125.121 2.95607
TH_KNU1_B -12.8011 127.799 43.167
TH_KNU2_A -38.2081 118.669 -28.0055
TH_KNU3_A -49.7953 117.737 -46.4106
PALM_POSITION 11.9098 139.945 -6.91548
PALM_NORMAL 0.117007 -0.991175 -0.062297
