F4_KNU1_A -14.9722 142.215 -65.3604
F4_KNU1_B -6.11958 142.552 -26.3936
F4_KNU2_A -19.1246 135.136 -86.2908
F4_KNU3_A -21.3507 126.425 -99.3954
F3_KNU1_A 17.2604 146.232 -68.8982
F3_KNU1_B 13.9437 146.59 -24.1893
F3_KNU2_A 18.6665 137.448 -93.8072
F3_KNU3_A 19.2175 127.418 -108.112
F1_KNU1_A 72.5942 136.716 -29.5806
F1_KNU1_B 50.8161 145.769 -6.6583
F1_KNU2_A 83.2866 128.713 -41.9338
F1_KNU3_A 91.5891 119.801 -52.3594
F2_KNU1_A 43.2403 141.048 -55.7299
F2_KNU1_B 33.4197 148.331 -16.0107
F2_KNU2_A 48.6003 132.335 -79.3793
F2_KNU3_A 51.7605 124.372 -94.4994
TH_KNU1_A -33.8961 121.832 11.5588
TH_KNU1_B -9.51011 131.376 49.8997
TH_KNU2_A -37.5342 110.756 -17.9346
TH_KNU3_A -49.5133 106.537 -35.6143
PALM_POSITION 14.6811 141.786 -0.823255
PALM_NORMAL 0.103811 -0.993958 -0.0356574
