F4_KNU1_A -12.5527 142.512 -63.5157
F4_KNU1_B -6.56193 144.574 -24.0197
F4_KNU2_A -15.6366 139.143 -85.5516
F4_KNU3_A -17.6341 135.495 -100.906
F3_KNU1_A 16.9391 150.831 -67.4853
F3_KNU1_B 13.565 148.806 -22.7803
F3_KNU2_A 18.7973 148.547 -93.7973
F3_KNU3_A 19.936 145.139 -110.921
F1_KNU1_A 71.0255 146.228 -33.5557
F1_KNU1_B 51.3557 148.039 -7.21819
F1_KNU2_A 81.6671 144.268 -48.2029
F1_KNU3_A 90.8542 141.858 -61.1393
F2_KNU1_A 41.4871 151.536 -56.396
F2_KNU1_B 33.4455 150.6 -15.5917
F2_KNU2_A 46.2845 150.29 -81.7077
F2_KNU3_A 49.3999 148.41 -98.7191
TH_KNU1_A -31.4284 120.469 15.0297
TH_KNU1_B -5.79877 131.665 52.1493
TH_KNU2_A -44.4826 111.084 -12.3431
TH_KNU3_A -57.7307 106.399 -28.9971
PALM_POSITION 15.5887 143.492 0.422974
PALM_NORMAL 0.112503 -0.991616 -0.0635685
