F4_KNU1_A -56.3544 198.157 -31.4276
F4_KNU1_B -44.9942 180.28 5.95042
F4_KNU2_A -62.8047 207.45 -52.7874
F4_KNU3_A -67.3919 213.614 -68.0481
F3_KNU1_A -33.88 194.798 -41.2748
F3_KNU1_B -23.0072 180.484 3.44841
F3_KNU2_A -40.5414 202.226 -67.9032
F3_KNU3_A -45.0553 206.656 -85.5989
F1_KNU1_A 5.85739 151.364 -27.5092
F1_KNU1_B 17.8479 164.415 3.08777
F1_KNU2_A -5.54427 136.334 -32.6716
F1_KNU3_A -15.5293 122.445 -30.5524
F2_KNU1_A -8.14609 185.848 -38.6447
F2_KNU1_B -1.03284 174.476 3.9737
F2_KNU2_A -13.0599 191.479 -65.3196
F2_KNU3_A -16.6035 194.606 -83.3959
TH_KNU1_A -65.7487 142.268 27.0186
TH_KNU1_B -35.8148 114.624 55.8545
TH_KNU2_A -82.6053 160.639 3.76171
TH_KNU3_A -94.0134 173.217 -12.3431
PALM_POSITION -18.7848 159.207 17.1534
PALM_NORMAL -0.171858 -0.690022 -0.703089
