F4_KNU1_A -17.8937 153.862 -61.4778
F4_KNU1_B -10.8127 148.258 -22.0808
F4_KNU2_A -22.0112 155.082 -83.8079
F4_KNU3_A -24.9855 154.776 -99.6013
F3_KNU1_A 12.0923 157.052 -66.6618
F3_KNU1_B 9.99619 148.925 -22.0989
F3_KNU2_A 12.8528 159.62 -93.2802
F3_KNU3_A 13.0791 160.027 -110.953
F1_KNU1_A 63.7599 142.877 -38.3108
F1_KNU1_B 48.3608 141.236 -8.86982
F1_KNU2_A 71.6725 142.238 -54.9112
F1_KNU3_A 78.1473 140.522 -69.6793
F2_KNU1_A 36.2881 154.045 -57.1738
F2_KNU1_B 30.5027 147.087 -16.1252
F2_KNU2_A 39.3655 156.492 -82.9374
F2_KNU3_A 41.1348 157.047 -100.417
TH_KNU1_A -36.59 139.039 18.0093
TH_KNU1_B -7.57508 133.716 54.5502
TH_KNU2_A -56.1246 142.482 -7.19917
TH_KNU3_A -72.9516 147.389 -20.5246
PALM_POSITION 12.5184 142.807 1.11574
PALM_NORMAL -0.0658634 -0.994625 -0.0798893
