F4_KNU1_A -25.9469 165.917 -59.8567
F4_KNU1_B -17.708 159.004 -20.6889
F4_KNU2_A -31.3229 168.065 -81.9624
F4_KNU3_A -35.5505 168.522 -97.5457
F3_KNU1_A 3.84375 158.076 -67.2521
F3_KNU1_B 2.2763 152.951 -21.9988
F3_KNU2_A 3.6817 159.277 -94.1092
F3_KNU3_A 2.95207 159.022 -111.859
F1_KNU1_A 49.487 129.729 -41.4835
F1_KNU1_B 37.2805 133.763 -10.6251
F1_KNU2_A 54.8509 125.891 -58.7586
F1_KNU3_A 58.4941 121.346 -73.978
F2_KNU1_A 27.2436 147.978 -58.8941
F2_KNU1_B 21.6271 144.819 -17.1475
F2_KNU2_A 29.2871 147.796 -85.0036
F2_KNU3_A 29.814 146.424 -102.607
TH_KNU1_A -42.5112 161.863 22.6627
TH_KNU1_B -13.4953 146.778 56.6877
TH_KNU2_A -61.4165 170.791 -1.87229
TH_KNU3_A -76.1857 179.816 -15.6557
PALM_POSITION 4.47228 147.122 1.44607
PALM_NORMAL -0.383181 -0.923468 -0.0194859
