F4_KNU1_A -25.8675 173.046 -57.4423
F4_KNU1_B -17.951 166.601 -17.882
F4_KNU2_A -31.4472 175.046 -79.6504
F4_KNU3_A -36.052 175.462 -95.2266
F3_KNU1_A 2.03128 158.92 -64.9445
F3_KNU1_B 0.499347 156.563 -19.1934
F3_KNU2_A 1.46648 158.691 -91.98
F3_KNU3_A 0.248824 157.607 -109.776
F1_KNU1_A 41.5147 123.373 -38.274
F1_KNU1_B 31.5931 131.428 -7.17132
F1_KNU2_A 45.2567 117.566 -55.5434
F1_KNU3_A 47.2157 111.496 -70.6434
F2_KNU1_A 23.1922 144.697 -56.3488
F2_KNU1_B 18.1287 145.009 -14.1635
F2_KNU2_A 25.0194 143.197 -82.5865
F2_KNU3_A 25.4769 141.424 -100.26
TH_KNU1_A -40.5194 177.01 25.9908
TH_KNU1_B -13.5184 158.776 60.5147
TH_KNU2_A -58.5905 188.409 1.60155
TH_KNU3_A -71.7863 198.7 -13.0719
PALM_POSITION 2.32777 151.919 4.69138
PALM_NORMAL -0.558028 -0.828082 0.0537071
