F4_KNU1_A -27.4824 169.716 -57.2481
F4_KNU1_B -19.6784 163.151 -17.0487
F4_KNU2_A -33.2181 171.216 -79.8147
F4_KNU3_A -38.0594 170.916 -95.5785
F3_KNU1_A 2.3916 157.802 -64.7663
F3_KNU1_B -0.388308 154.083 -18.4693
F3_KNU2_A 1.92781 157.369 -92.2094
F3_KNU3_A 0.389851 155.544 -110.192
F1_KNU1_A 44.4812 125.654 -37.9673
F1_KNU1_B 32.7942 130.698 -6.29633
F1_KNU2_A 48.9039 120.994 -55.7212
F1_KNU3_A 51.1653 115.524 -71.272
F2_KNU1_A 25.2824 145.203 -55.9394
F2_KNU1_B 18.2391 143.528 -13.4209
F2_KNU2_A 27.6791 143.998 -82.5461
F2_KNU3_A 28.0938 141.846 -100.449
TH_KNU1_A -42.4299 171.331 26.7027
TH_KNU1_B -13.762 156.727 62.5755
TH_KNU2_A -61.8765 180.984 1.96548
TH_KNU3_A -76.0531 189.776 -13.2705
PALM_POSITION 2.03635 149.865 5.817
PALM_NORMAL -0.506572 -0.859095 0.0730727
