F4_KNU1_A -33.2709 153.923 -60.8212
F4_KNU1_B -24.2703 145.575 -20.6979
F4_KNU2_A -37.3214 152.533 -84.0356
F4_KNU3_A -39.3761 147.757 -99.8917
F3_KNU1_A -5.33235 166.061 -67.0374
F3_KNU1_B -3.49948 151.311 -22.3708
F3_KNU2_A -6.25359 167.873 -94.7354
F3_KNU3_A -6.7306 164.81 -112.825
F1_KNU1_A 44.9687 167.565 -42.1587
F1_KNU1_B 37.8526 153.779 -11.3063
F1_KNU2_A 48.2778 170.801 -60.6916
F1_KNU3_A 50.5318 169.945 -77.3523
F2_KNU1_A 18.9079 171.204 -58.1458
F2_KNU1_B 17.9712 154.846 -17.7023
F2_KNU2_A 19.2569 175.281 -84.8896
F2_KNU3_A 19.3356 174.095 -103.099
TH_KNU1_A -44.0802 133.093 22.041
TH_KNU1_B -12.4979 136.764 58.9981
TH_KNU2_A -61.969 129.126 -5.76398
TH_KNU3_A -80.2463 129.105 -19.4894
PALM_POSITION 2.04144 147.293 1.73577
PALM_NORMAL 0.168301 -0.98534 -0.0279103
