F4_KNU1_A -31.7536 149.097 -62.9083
F4_KNU1_B -21.8836 142.14 -22.7242
F4_KNU2_A -35.3526 147.841 -86.2045
F4_KNU3_A -36.5373 143.717 -102.33
F3_KNU1_A -7.20773 166.392 -68.9429
F3_KNU1_B -2.62713 151.806 -24.4197
F3_KNU2_A -8.73573 169.738 -96.4707
F3_KNU3_A -8.99361 168.662 -114.791
F1_KNU1_A 41.0107 177.577 -44.1432
F1_KNU1_B 37.444 162.324 -13.3664
F1_KNU2_A 43.1752 182.229 -62.5432
F1_KNU3_A 45.1633 183.089 -79.2376
F2_KNU1_A 15.1519 176.263 -59.9595
F2_KNU1_B 17.7401 159.474 -19.7656
F2_KNU2_A 14.2358 182.284 -86.3203
F2_KNU3_A 14.0683 183.472 -104.529
TH_KNU1_A -38.8863 128.583 19.4842
TH_KNU1_B -8.67588 136.089 57.0042
TH_KNU2_A -53.1394 122.394 -9.96755
TH_KNU3_A -70.4195 119.624 -24.6702
PALM_POSITION 3.57365 149.034 -0.298339
PALM_NORMAL 0.357062 -0.933768 -0.0241781
