F4_KNU1_A -24.4034 150.669 -64.4455
F4_KNU1_B -15.0118 143.403 -24.2015
F4_KNU2_A -27.772 150.987 -87.8078
F4_KNU3_A -28.8673 148.807 -104.315
F3_KNU1_A -1.91478 170.191 -69.6615
F3_KNU1_B 3.13782 155.08 -25.3651
F3_KNU2_A -3.66941 175.578 -96.8499
F3_KNU3_A -4.05947 176.92 -115.15
F1_KNU1_A 43.8807 185.766 -43.7726
F1_KNU1_B 41.6292 169.635 -13.3211
F1_KNU2_A 45.5655 192.094 -61.7174
F1_KNU3_A 47.3787 195.445 -78.1149
F2_KNU1_A 18.8473 182.197 -60.0335
F2_KNU1_B 22.4749 164.8 -20.1801
F2_KNU2_A 17.3544 190.265 -85.8147
F2_KNU3_A 16.8365 193.927 -103.684
TH_KNU1_A -31.9447 130.903 17.182
TH_KNU1_B -2.8643 137.681 55.7196
TH_KNU2_A -43.9921 125.934 -13.4616
TH_KNU3_A -59.9794 122.962 -29.5246
PALM_POSITION 9.105 152.647 -1.14845
PALM_NORMAL 0.454768 -0.890193 -0.0272675
