F4_KNU1_A -19.7383 148.745 -64.4085
F4_KNU1_B -10.3155 141.539 -24.1611
F4_KNU2_A -23.0157 149.05 -87.7839
F4_KNU3_A -23.9769 146.872 -104.3
F3_KNU1_A 2.23112 169.505 -69.388
F3_KNU1_B 7.55408 153.634 -25.39
F3_KNU2_A 0.38554 175.453 -96.453
F3_KNU3_A -0.0178272 177.219 -114.717
F1_KNU1_A 47.2402 185.531 -43.8033
F1_KNU1_B 45.7182 169.115 -13.4592
F1_KNU2_A 48.5568 192.129 -61.6812
F1_KNU3_A 50.0835 195.808 -78.0375
F2_KNU1_A 22.7388 181.879 -59.7952
F2_KNU1_B 26.6688 163.816 -20.2679
F2_KNU2_A 21.1137 190.453 -85.4042
F2_KNU3_A 20.545 194.506 -103.187
TH_KNU1_A -26.6511 128.855 17.1019
TH_KNU1_B 2.11764 136.304 55.7495
TH_KNU2_A -38.7499 123.609 -13.475
TH_KNU3_A -54.438 120.254 -29.7562
PALM_POSITION 13.6235 151.402 -1.17935
PALM_NORMAL 0.475387 -0.879394 -0.0259687
