F4_KNU1_A -19.3673 148.139 -64.1156
F4_KNU1_B -10.2391 140.254 -23.9276
F4_KNU2_A -22.6481 148.895 -87.4803
F4_KNU3_A -23.7151 147.055 -104.031
F3_KNU1_A 3.24032 167.791 -69.3475
F3_KNU1_B 7.96438 151.822 -25.3165
F3_KNU2_A 1.5828 173.986 -96.3694
F3_KNU3_A 1.20048 176.028 -114.605
F1_KNU1_A 48.6343 182.399 -44.1034
F1_KNU1_B 46.5282 166.422 -13.5609
F1_KNU2_A 50.2078 188.744 -62.0523
F1_KNU3_A 51.9032 192.193 -78.442
F2_KNU1_A 24.2029 179.604 -59.9221
F2_KNU1_B 27.3487 161.548 -20.3215
F2_KNU2_A 22.9633 188.29 -85.5148
F2_KNU3_A 22.5883 192.493 -103.268
TH_KNU1_A -26.9079 128.942 17.3985
TH_KNU1_B 1.91447 135.98 56.0831
TH_KNU2_A -39.6396 123.721 -12.9249
TH_KNU3_A -55.3085 120.641 -29.2786
PALM_POSITION 13.9301 149.818 -1.06029
PALM_NORMAL 0.450597 -0.892664 -0.0106633
