F4_KNU1_A -22.1894 150.178 -63.3829
F4_KNU1_B -14.0016 141.127 -23.2377
F4_KNU2_A -25.4864 151.471 -86.7217
F4_KNU3_A -26.9114 149.912 -103.274
F3_KNU1_A 2.73188 165.876 -69.2019
F3_KNU1_B 5.56337 150.156 -24.9198
F3_KNU2_A 1.76265 171.719 -96.3353
F3_KNU3_A 1.56541 173.401 -114.61
F1_KNU1_A 50.2574 174.336 -44.5622
F1_KNU1_B 45.7721 159.79 -13.5644
F1_KNU2_A 52.8286 179.414 -62.7966
F1_KNU3_A 55.113 181.358 -79.3615
F2_KNU1_A 25.6035 174.837 -60.1533
F2_KNU1_B 26.0854 157.343 -20.1799
F2_KNU2_A 25.757 182.613 -86.0663
F2_KNU3_A 26.1473 185.831 -104.024
TH_KNU1_A -31.6522 133.196 18.2147
TH_KNU1_B -2.14315 137.066 56.8282
TH_KNU2_A -45.6792 129.272 -11.7302
TH_KNU3_A -61.7341 128.028 -27.9518
PALM_POSITION 11.326 147.92 -0.634681
PALM_NORMAL 0.32872 -0.944386 0.00880095
