F4_KNU1_A -16.9775 203.905 -62.8512
F4_KNU1_B -17.6866 192.107 -22.591
F4_KNU2_A -21.1509 206.579 -85.9311
F4_KNU3_A -26.8553 205.828 -101.594
F3_KNU1_A 6.45802 182.281 -69.4651
F3_KNU1_B -1.67104 177.613 -23.3329
F3_KNU2_A 4.34866 180.337 -97.089
F3_KNU3_A -1.0682 176.342 -114.163
F1_KNU1_A 31.0258 140.966 -43.2525
F1_KNU1_B 22.9154 145.136 -9.94485
F1_KNU2_A 28.4868 135.828 -61.4747
F1_KNU3_A 21.1742 129.714 -75.3505
F2_KNU1_A 23.1479 162.245 -60.0173
F2_KNU1_B 12.9736 161.872 -17.5853
F2_KNU2_A 21.8503 157.874 -86.6855
F2_KNU3_A 16.4393 152.404 -103.232
TH_KNU1_A -32.5663 208.961 18.958
TH_KNU1_B -17.4449 184.062 58.0494
TH_KNU2_A -42.778 225.264 -8.22221
TH_KNU3_A -49.994 237.747 -25.9582
PALM_POSITION -1.66761 172.791 1.25809
PALM_NORMAL -0.738758 -0.672799 0.0397266
