F4_KNU1_A -19.4601 204.631 -62.2488
F4_KNU1_B -19.0208 191.937 -22.2582
F4_KNU2_A -24.0764 207.581 -85.2103
F4_KNU3_A -29.9341 206.882 -100.819
F3_KNU1_A 4.81882 184.192 -69.4179
F3_KNU1_B -2.28914 178.292 -23.2582
F3_KNU2_A 2.25784 182.588 -97.0254
F3_KNU3_A -3.31635 178.59 -114.048
F1_KNU1_A 32.4215 144.182 -43.8843
F1_KNU1_B 23.8261 146.754 -10.5366
F1_KNU2_A 30.2879 139.561 -62.2959
F1_KNU3_A 23.384 133.563 -76.4296
F2_KNU1_A 23.2626 165.268 -60.197
F2_KNU1_B 13.0974 163.163 -17.8134
F2_KNU2_A 22.1822 161.606 -86.9814
F2_KNU3_A 17.043 156.352 -103.683
TH_KNU1_A -35.6944 206.024 19.3336
TH_KNU1_B -18.8559 181.801 58.1464
TH_KNU2_A -47.2076 222.623 -7.1384
TH_KNU3_A -55.3391 235.089 -24.4858
PALM_POSITION -2.18937 172.832 1.19898
PALM_NORMAL -0.704047 -0.709953 0.0168875
