F4_KNU1_A -31.6671 204.489 -61.0337
F4_KNU1_B -27.531 189.739 -21.9707
F4_KNU2_A -37.0877 208.111 -83.7215
F4_KNU3_A -42.6767 207.616 -99.4365
F3_KNU1_A -3.20138 191.097 -69.2956
F3_KNU1_B -8.23694 180.17 -23.7843
F3_KNU2_A -5.22294 191.764 -96.9863
F3_KNU3_A -9.41628 188.769 -114.601
F1_KNU1_A 33.0521 156.388 -46.6103
F1_KNU1_B 23.9809 153.857 -13.3857
F1_KNU2_A 32.8949 153.834 -65.5402
F1_KNU3_A 28.8282 148.783 -81.0756
F2_KNU1_A 18.7873 175.789 -61.4381
F2_KNU1_B 10.0145 168.226 -19.367
F2_KNU2_A 18.7971 174.856 -88.4771
F2_KNU3_A 15.5393 170.891 -105.989
TH_KNU1_A -47.9356 194.088 19.7179
TH_KNU1_B -25.8086 171.895 57.0627
TH_KNU2_A -63.1591 209.461 -5.59575
TH_KNU3_A -74.2313 221.262 -21.7385
PALM_POSITION -7.1505 172.443 0.0295052
PALM_NORMAL -0.533937 -0.842469 -0.0718099
