F4_KNU1_A -50.7583 188.371 -61.9708
F4_KNU1_B -40.6337 176.629 -22.981
F4_KNU2_A -56.5991 189.813 -84.7973
F4_KNU3_A -60.6551 187.693 -100.844
F3_KNU1_A -21.5094 194.066 -69.9122
F3_KNU1_B -19.2453 178.255 -25.6298
F3_KNU2_A -24.0476 197.324 -97.3759
F3_KNU3_A -26.3449 195.899 -115.529
F1_KNU1_A 26.6852 181.621 -50.8162
F1_KNU1_B 22.2125 169.804 -18.6773
F1_KNU2_A 27.3325 184.066 -69.7502
F1_KNU3_A 26.4985 183.033 -86.5321
F2_KNU1_A 4.34973 191.412 -63.5022
F2_KNU1_B 2.71362 176.253 -22.6163
F2_KNU2_A 3.9514 195.6 -90.2284
F2_KNU3_A 2.86202 195.265 -108.44
TH_KNU1_A -57.7774 159.456 15.9971
TH_KNU1_B -26.4108 148.429 51.6523
TH_KNU2_A -76.9684 165.876 -10.448
TH_KNU3_A -93.0938 171.774 -25.5356
PALM_POSITION -13.3137 168.031 -3.53301
PALM_NORMAL -0.0550212 -0.968605 -0.242438
