F4_KNU1_A -37.3158 156.595 -69.3128
F4_KNU1_B -37.4315 162.212 -27.7314
F4_KNU2_A -34.2117 147.185 -90.7384
F4_KNU3_A -30.4866 137.522 -103.823
F3_KNU1_A -27.752 189.702 -72.4426
F3_KNU1_B -18.6245 172.714 -29.4989
F3_KNU2_A -32.4703 196.83 -98.8666
F3_KNU3_A -35.1488 199.733 -116.79
F1_KNU1_A 21.9299 198.752 -50.617
F1_KNU1_B 21.5812 183.766 -19.5062
F1_KNU2_A 22.2713 204.029 -68.9724
F1_KNU3_A 22.6823 206.185 -85.6631
F2_KNU1_A -3.24552 198.832 -64.5715
F2_KNU1_B 1.68341 180.725 -25.1763
F2_KNU2_A -5.78772 207.215 -90.1694
F2_KNU3_A -7.16337 211.037 -107.959
TH_KNU1_A -52.4223 149.048 14.0676
TH_KNU1_B -19.9676 149.87 50.4375
TH_KNU2_A -69.1675 148.082 -14.6991
TH_KNU3_A -85.271 147.773 -30.9173
PALM_POSITION -11.1084 168.127 -6.03742
PALM_NORMAL 0.386699 -0.914001 -0.122746
