F4_KNU1_A -57.6738 195.544 -34.981
F4_KNU1_B -47.019 180.811 3.94424
F4_KNU2_A -63.7476 202.754 -57.2371
F4_KNU3_A -68.076 207.289 -73.131
F3_KNU1_A -33.3414 195.862 -44.1914
F3_KNU1_B -25.0958 181.077 0.938214
F3_KNU2_A -38.6419 203.024 -71.1958
F3_KNU3_A -42.3448 207.005 -89.1842
F1_KNU1_A 16.1503 173.709 -34.2828
F1_KNU1_B 15.8397 165.236 0.0448267
F1_KNU2_A 15.4425 177.131 -53.5268
F1_KNU3_A 14.2814 179.36 -70.5794
F2_KNU1_A -7.40528 188.874 -41.206
F2_KNU1_B -3.07829 175.208 1.11149
F2_KNU2_A -10.601 196.072 -67.765
F2_KNU3_A -13.0012 200.302 -85.805
TH_KNU1_A -66.3447 142.999 25.4761
TH_KNU1_B -36.3055 116.467 55.2328
TH_KNU2_A -83.4438 160.514 1.74112
TH_KNU3_A -95.406 172.585 -14.35
PALM_POSITION -20.4324 160.171 15.0649
PALM_NORMAL -0.183419 -0.70823 -0.681739
