F4_KNU1_A -19.3228 136.055 -58.3575
F4_KNU1_B -31.2418 163.072 -28.5487
F4_KNU2_A -9.61445 114.68 -60.8268
F4_KNU3_A -2.95366 100.207 -55.8646
F3_KNU1_A -22.5023 191.44 -70.6633
F3_KNU1_B -12.2738 173.432 -28.3887
F3_KNU2_A -27.7659 198.43 -97.0213
F3_KNU3_A -30.7166 200.772 -114.984
F1_KNU1_A 26.2131 199.725 -45.4552
F1_KNU1_B 27.2863 183.284 -15.1056
F1_KNU2_A 25.7211 205.747 -63.5767
F1_KNU3_A 25.3786 208.497 -80.1813
F2_KNU1_A 1.38492 198.56 -61.6159
F2_KNU1_B 7.77518 180.88 -22.2369
F2_KNU2_A -1.96291 205.656 -87.5082
F2_KNU3_A -3.79961 207.985 -105.513
TH_KNU1_A -49.65 147.016 11.6935
TH_KNU1_B -19.0023 145.312 49.5693
TH_KNU2_A -67.8789 148.081 -16.153
TH_KNU3_A -85.3116 148.985 -30.9087
PALM_POSITION -6.3379 167.192 -4.85579
PALM_NORMAL 0.386327 -0.908541 -0.159074
