F4_KNU1_A -26.5249 148.335 -72.6368
F4_KNU1_B -34.049 166.373 -35.5072
F4_KNU2_A -18.0302 127.253 -79.0112
F4_KNU3_A -12.0252 112.18 -75.1133
F3_KNU1_A -21.8796 191.041 -78.2612
F3_KNU1_B -14.5803 175.689 -34.3628
F3_KNU2_A -25.1844 195.174 -105.525
F3_KNU3_A -26.748 195.073 -123.811
F1_KNU1_A 26.9127 197.295 -51.8164
F1_KNU1_B 25.8371 181.339 -21.2093
F1_KNU2_A 27.4328 201.971 -70.33
F1_KNU3_A 27.8159 202.824 -87.1384
F2_KNU1_A 1.92183 197.324 -68.1413
F2_KNU1_B 6.01021 181.068 -27.853
F2_KNU2_A 0.115866 201.859 -94.7525
F2_KNU3_A -0.640456 201.63 -112.983
TH_KNU1_A -53.4598 143.141 3.18822
TH_KNU1_B -20.2397 135.005 37.9301
TH_KNU2_A -74.265 148.797 -22.189
TH_KNU3_A -93.5303 152.223 -34.0025
PALM_POSITION -8.22117 165.262 -12.4807
PALM_NORMAL 0.334032 -0.884497 -0.325711
