F4_KNU1_A -37.9052 164.778 -76.7594
F4_KNU1_B -37.1058 168.744 -34.9957
F4_KNU2_A -34.3199 151.616 -96.0249
F4_KNU3_A -30.1405 138.273 -105.133
F3_KNU1_A -21.7974 187.559 -80.205
F3_KNU1_B -17.1424 177.014 -34.563
F3_KNU2_A -23.8572 189.307 -107.846
F3_KNU3_A -24.8277 188.068 -126.131
F1_KNU1_A 27.3476 193.687 -55.1247
F1_KNU1_B 24.2018 179.969 -23.589
F1_KNU2_A 28.7967 198.167 -73.6375
F1_KNU3_A 29.8356 199.785 -90.3616
F2_KNU1_A 2.72658 194.7 -70.4575
F2_KNU1_B 4.04032 181.024 -29.0406
F2_KNU2_A 2.17906 199.392 -97.0972
F2_KNU3_A 1.96269 200.419 -115.315
TH_KNU1_A -54.6791 141.393 1.85496
TH_KNU1_B -20.7789 132.962 35.8615
TH_KNU2_A -75.4746 147.2 -23.4961
TH_KNU3_A -94.3924 150.957 -35.7622
PALM_POSITION -10.0964 165.164 -13.6368
PALM_NORMAL 0.268064 -0.88182 -0.387988
