F4_KNU1_A -42.9472 170.199 -62.8625
F4_KNU1_B -36.7827 163.266 -21.9417
F4_KNU2_A -45.8741 172.247 -86.1966
F4_KNU3_A -47.6169 172.608 -102.788
F3_KNU1_A -12.8808 155.685 -67.2152
F3_KNU1_B -16.6228 171.003 -22.8596
F3_KNU2_A -10.3142 142.766 -91.6652
F3_KNU3_A -8.47828 132.581 -106.823
F1_KNU1_A 25.4558 182.187 -46.4362
F1_KNU1_B 24.9174 174.409 -12.7941
F1_KNU2_A 25.6443 185.545 -65.2398
F1_KNU3_A 25.7328 187.832 -81.9178
F2_KNU1_A 4.64 181.202 -61.374
F2_KNU1_B 4.71891 175.204 -18.1519
F2_KNU2_A 4.65456 183.392 -88.3404
F2_KNU3_A 4.69879 184.037 -106.577
TH_KNU1_A -51.7418 142.324 16.0591
TH_KNU1_B -20.4131 137.354 53.0803
TH_KNU2_A -68.0916 145.053 -12.8216
TH_KNU3_A -85.1049 147.68 -27.858
PALM_POSITION -9.59572 162.024 -0.544155
PALM_NORMAL 0.241856 -0.93402 -0.262891
