F4_KNU1_A -38.3938 173.48 -59.5443
F4_KNU1_B -33.4823 161.851 -19.529
F4_KNU2_A -40.3767 177.281 -82.7578
F4_KNU3_A -41.2819 178.252 -99.3915
F3_KNU1_A -7.81147 136.44 -52.9717
F3_KNU1_B -13.2384 169.416 -19.8177
F3_KNU2_A -4.40992 111.432 -64.5613
F3_KNU3_A -2.21268 93.6769 -68.6573
F1_KNU1_A 27.2007 178.735 -41.8546
F1_KNU1_B 27.7416 173.176 -7.77573
F1_KNU2_A 26.7994 180.883 -60.8314
F1_KNU3_A 26.3744 182.12 -77.6148
F2_KNU1_A 9.8881 172.178 -57.7934
F2_KNU1_B 7.86027 173.768 -14.2332
F2_KNU2_A 11.2309 168.579 -84.5744
F2_KNU3_A 12.1753 164.806 -102.403
TH_KNU1_A -50.378 144.498 18.719
TH_KNU1_B -21.2984 140.21 57.6131
TH_KNU2_A -64.9995 146.533 -11.1294
TH_KNU3_A -80.2819 148.829 -27.9706
PALM_POSITION -7.47 161.698 3.31542
PALM_NORMAL 0.247578 -0.948856 -0.195902
