F4_KNU1_A -37.9771 173.249 -63.7526
F4_KNU1_B -32.7896 162.226 -23.6007
F4_KNU2_A -39.1769 174.558 -87.2917
F4_KNU3_A -38.9778 172.561 -103.857
F3_KNU1_A -6.98148 142.581 -60.5103
F3_KNU1_B -12.9681 170.838 -23.3389
F3_KNU2_A -2.64151 118.906 -74.3654
F3_KNU3_A 0.343566 101.596 -79.6866
F1_KNU1_A 29.4704 179.786 -45.811
F1_KNU1_B 28.0187 175.375 -11.5911
F1_KNU2_A 30.0702 179.434 -64.9004
F1_KNU3_A 30.4546 177.253 -81.5884
F2_KNU1_A 11.4033 174.133 -61.102
F2_KNU1_B 7.99767 175.641 -17.6249
F2_KNU2_A 13.8448 168.242 -87.3948
F2_KNU3_A 15.6204 161.869 -104.401
TH_KNU1_A -48.9479 141.752 13.9291
TH_KNU1_B -17.8506 132.639 50.3526
TH_KNU2_A -65.9815 147.834 -14.0301
TH_KNU3_A -82.2833 152.113 -29.4699
PALM_POSITION -6.31424 160.86 -1.33598
PALM_NORMAL 0.291262 -0.905978 -0.307198
