F4_KNU1_A -49.4855 173.771 -60.63
F4_KNU1_B -42.1736 168.776 -19.6159
F4_KNU2_A -53.0475 174.698 -83.9474
F4_KNU3_A -55.265 174.363 -100.483
F3_KNU1_A -26.0288 183.994 -66.6599
F3_KNU1_B -21.8128 175.976 -20.4649
F3_KNU2_A -28.4344 187.687 -94.0804
F3_KNU3_A -29.9824 189.614 -112.266
F1_KNU1_A 23.4962 179.764 -48.194
F1_KNU1_B 20.5793 175.541 -14.0438
F1_KNU2_A 24.6105 179.934 -67.2628
F1_KNU3_A 25.2691 178.715 -84.04
F2_KNU1_A 4.81245 177.931 -60.3395
F2_KNU1_B 0.0484776 178.238 -16.9651
F2_KNU2_A 7.50613 174.273 -87.0105
F2_KNU3_A 9.18235 170.194 -104.717
TH_KNU1_A -54.8229 139.247 13.1568
TH_KNU1_B -20.4899 123.374 43.915
TH_KNU2_A -73.3929 150.297 -12.1789
TH_KNU3_A -89.8874 157.698 -26.1645
PALM_POSITION -13.2803 161.193 -2.11713
PALM_NORMAL 0.170091 -0.835581 -0.522373
