F4_KNU1_A -55.2541 175.457 -57.097
F4_KNU1_B -45.0635 165.724 -17.5749
F4_KNU2_A -60.6618 179.589 -79.7008
F4_KNU3_A -64.2887 181.735 -95.8465
F3_KNU1_A -28.1652 182.849 -64.3548
F3_KNU1_B -24.5898 172.58 -18.553
F3_KNU2_A -30.1938 187.614 -91.6401
F3_KNU3_A -31.4897 190.077 -109.781
F1_KNU1_A 15.4898 179.327 -44.3441
F1_KNU1_B 17.5321 172.581 -10.5374
F1_KNU2_A 13.7231 179.161 -63.3636
F1_KNU3_A 11.7845 176.412 -79.8584
F2_KNU1_A -0.310533 148.725 -49.2375
F2_KNU1_B -2.84112 175.07 -14.5441
F2_KNU2_A 0.570653 127.955 -66.5538
F2_KNU3_A 0.8892 112.575 -76.3682
TH_KNU1_A -58.8674 142.728 18.5414
TH_KNU1_B -26.3108 128.483 51.9168
TH_KNU2_A -76.7286 152.155 -7.93421
TH_KNU3_A -92.491 158.85 -23.0727
PALM_POSITION -16.9281 160.147 1.81117
PALM_NORMAL 0.177592 -0.896119 -0.406734
