F4_KNU1_A -50.8151 189.028 -51.9228
F4_KNU1_B -41.5499 175.062 -13.4562
F4_KNU2_A -56.592 194.89 -74.0478
F4_KNU3_A -60.9795 197.845 -89.8737
F3_KNU1_A -24.3818 193.483 -58.4859
F3_KNU1_B -20.4757 171.74 -16.9163
F3_KNU2_A -27.2242 205.325 -83.4459
F3_KNU3_A -29.4082 212.573 -100.165
F1_KNU1_A 19.6859 140.948 -44.8912
F1_KNU1_B 17.8293 152.969 -12.5708
F1_KNU2_A 16.7507 130.854 -60.8409
F1_KNU3_A 11.8997 120.318 -73.0414
F2_KNU1_A 1.21518 180.404 -55.5999
F2_KNU1_B 0.399906 164.251 -15.0717
F2_KNU2_A 0.903843 189.042 -81.2375
F2_KNU3_A 0.22681 194.061 -98.7684
TH_KNU1_A -62.5006 154.611 23.0816
TH_KNU1_B -32.8942 137.472 57.8162
TH_KNU2_A -80.2984 164.46 -3.28282
TH_KNU3_A -95.2949 173.375 -18.0503
PALM_POSITION -16.7007 158.387 3.95001
PALM_NORMAL -0.294631 -0.900223 -0.320611
