F4_KNU1_A -50.2449 186.656 -52.685
F4_KNU1_B -41.9435 169.563 -15.2752
F4_KNU2_A -55.8348 192.75 -74.7952
F4_KNU3_A -60.2697 194.797 -90.7509
F3_KNU1_A -23.1336 190.68 -58.994
F3_KNU1_B -20.675 167.171 -18.2838
F3_KNU2_A -25.8567 201.969 -84.2217
F3_KNU3_A -28.3976 207.806 -101.436
F1_KNU1_A 7.71395 127.455 -34.8655
F1_KNU1_B 18.566 151.037 -12.0902
F1_KNU2_A -2.97064 112.016 -38.3805
F1_KNU3_A -13.4814 98.9897 -36.5832
F2_KNU1_A 2.44303 175.814 -56.6833
F2_KNU1_B 0.563456 161.061 -15.6594
F2_KNU2_A 1.78432 181.321 -83.1638
F2_KNU3_A 0.284036 182.84 -101.286
TH_KNU1_A -60.3944 154.017 22.3983
TH_KNU1_B -32.0758 138.578 58.956
TH_KNU2_A -76.9771 162.481 -5.21029
TH_KNU3_A -91.2814 170.517 -21.1244
PALM_POSITION -16.4154 155.833 3.65468
PALM_NORMAL -0.239672 -0.939057 -0.246431
