F4_KNU1_A -58.0836 191.917 -40.8305
F4_KNU1_B -48.6353 175.236 -2.38256
F4_KNU2_A -63.5171 199.898 -62.9887
F4_KNU3_A -67.4116 204.768 -78.896
F3_KNU1_A -31.3683 197.807 -49.3129
F3_KNU1_B -26.8941 176.48 -6.31993
F3_KNU2_A -34.3313 209.344 -75.1347
F3_KNU3_A -36.455 216.414 -92.4159
F1_KNU1_A 18.1653 178.337 -39.3218
F1_KNU1_B 14.8448 162.933 -7.66784
F1_KNU2_A 19.5467 186.174 -57.1885
F1_KNU3_A 20.4487 192.6 -73.1573
F2_KNU1_A -6.42002 193.325 -45.7618
F2_KNU1_B -4.57686 171.886 -6.60538
F2_KNU2_A -7.85372 205.925 -70.3909
F2_KNU3_A -8.97612 214.046 -87.1802
TH_KNU1_A -65.9675 139.991 25.479
TH_KNU1_B -32.2234 116.02 53.3809
TH_KNU2_A -82.9092 155.062 0.0165384
TH_KNU3_A -95.4704 165.651 -16.6517
PALM_POSITION -20.477 157.098 9.22126
PALM_NORMAL -0.166572 -0.770952 -0.614724
