F4_KNU1_A -49.9292 189.863 -54.5829
F4_KNU1_B -41.5767 170.277 -18.4281
F4_KNU2_A -54.729 194.833 -77.1553
F4_KNU3_A -57.9812 194.459 -93.5177
F3_KNU1_A -21.6536 196.165 -62.0495
F3_KNU1_B -20.2884 172.716 -21.2532
F3_KNU2_A -23.6867 203.629 -88.7229
F3_KNU3_A -25.6695 204.629 -106.941
F1_KNU1_A 24.7591 165.194 -51.1584
F1_KNU1_B 21.4482 163.954 -16.8063
F1_KNU2_A 23.6386 159.858 -69.4657
F1_KNU3_A 20.7953 151.585 -83.8487
F2_KNU1_A 2.30446 190.143 -58.1594
F2_KNU1_B 1.76665 170.627 -19.1339
F2_KNU2_A 0.772117 195.165 -84.7001
F2_KNU3_A -1.27284 194.248 -102.81
TH_KNU1_A -53.5799 134.947 10.7209
TH_KNU1_B -25.0412 130.025 49.9393
TH_KNU2_A -69.0217 137.057 -18.7062
TH_KNU3_A -81.8061 139.176 -37.5347
PALM_POSITION -13.6469 158.984 -1.3716
PALM_NORMAL -0.0478433 -0.913918 -0.403069
