F4_KNU1_A -51.5844 182.834 -60.0516
F4_KNU1_B -40.6882 164.235 -24.0525
F4_KNU2_A -57.6715 190.007 -81.702
F4_KNU3_A -61.8691 192.98 -97.5762
F3_KNU1_A -21.5917 186.242 -70.2654
F3_KNU1_B -19.5715 167.759 -27.018
F3_KNU2_A -23.3082 193.036 -97.1395
F3_KNU3_A -24.715 195.13 -115.318
F1_KNU1_A 23.2416 179.513 -51.8888
F1_KNU1_B 22.5918 161.422 -22.4801
F1_KNU2_A 22.5924 187.122 -69.3978
F1_KNU3_A 21.2654 191.887 -85.4892
F2_KNU1_A -1.07547 190.394 -61.5364
F2_KNU1_B 2.5691 166.941 -24.9199
F2_KNU2_A -4.02569 202.263 -85.6695
F2_KNU3_A -6.40485 208.589 -102.62
TH_KNU1_A -31.6014 125.519 -2.41452
TH_KNU1_B -21.8318 126.844 45.3302
TH_KNU2_A -26.7271 121.989 -35.1656
TH_KNU3_A -21.958 119.265 -57.353
PALM_POSITION -12.1467 154.962 -6.79218
PALM_NORMAL 0.00155831 -0.925892 -0.377786
