F4_KNU1_A -55.1876 178.93 -47.8068
F4_KNU1_B -48.7058 168.546 -6.62524
F4_KNU2_A -59.4292 181.132 -71.5001
F4_KNU3_A -62.709 180.632 -88.2605
F3_KNU1_A -30.2258 180.834 -56.8456
F3_KNU1_B -26.9933 167.267 -10.7071
F3_KNU2_A -33.3427 185.528 -84.7182
F3_KNU3_A -36.0263 186.821 -103.273
F1_KNU1_A 16.6385 158.349 -42.8685
F1_KNU1_B 13.7527 151.085 -8.38393
F1_KNU2_A 16.5833 159.975 -62.3595
F1_KNU3_A 15.3955 159.734 -79.5537
F2_KNU1_A -5.02701 173.25 -52.7832
F2_KNU1_B -5.02836 161.28 -9.73711
F2_KNU2_A -6.36169 177.772 -80.0811
F2_KNU3_A -7.9792 179.213 -98.6391
TH_KNU1_A -65.6019 143.719 27.7427
TH_KNU1_B -35.3091 124.97 62.7086
TH_KNU2_A -81.0637 153.549 -1.01146
TH_KNU3_A -92.8359 160.96 -19.8322
PALM_POSITION -21.6075 152.227 9.37207
PALM_NORMAL -0.225748 -0.891743 -0.392214
