F4_KNU1_A -31.7558 148.62 -57.5397
F4_KNU1_B -25.6602 132.223 -19.4006
F4_KNU2_A -34.8989 154.872 -80.0846
F4_KNU3_A -36.9116 157.395 -96.4561
F3_KNU1_A -3.60264 111.19 -59.3055
F3_KNU1_B -4.44316 136.34 -19.5207
F3_KNU2_A -3.96518 89.1962 -76.2591
F3_KNU3_A -4.54516 72.5992 -84.0723
F1_KNU1_A 37.2737 143.922 -40.7535
F1_KNU1_B 36.7255 132.072 -8.32124
F1_KNU2_A 37.1511 149.048 -59.1546
F1_KNU3_A 36.7351 152.508 -75.6243
F2_KNU1_A 18.4055 143.507 -57.1967
F2_KNU1_B 17.1484 136.576 -14.1328
F2_KNU2_A 18.7958 144.841 -84.2162
F2_KNU3_A 18.8467 144.133 -102.45
TH_KNU1_A -42.5566 110.338 14.8047
TH_KNU1_B -16.371 101.254 54.9114
TH_KNU2_A -54.7208 114.884 -15.8584
TH_KNU3_A -67.5722 119.307 -34.2358
PALM_POSITION 0.222776 125.5 2.5856
PALM_NORMAL 0.0836723 -0.952215 -0.293745
