F4_KNU1_A -30.8571 148.562 -56.3823
F4_KNU1_B -24.6094 131.658 -18.4902
F4_KNU2_A -33.974 154.79 -78.9376
F4_KNU3_A -35.8906 157.079 -95.3549
F3_KNU1_A -2.3435 109.657 -57.1267
F3_KNU1_B -3.48764 136.236 -18.2901
F3_KNU2_A -2.52846 85.4467 -70.733
F3_KNU3_A -2.99153 67.5953 -74.9701
F1_KNU1_A 37.7284 143.329 -39.3845
F1_KNU1_B 37.5921 132.856 -6.47775
F1_KNU2_A 37.4585 147.827 -57.9476
F1_KNU3_A 36.9749 150.85 -74.5012
F2_KNU1_A 19.4882 141.366 -55.9649
F2_KNU1_B 18.0106 136.937 -12.5792
F2_KNU2_A 20.0864 141.195 -83.0129
F2_KNU3_A 20.3182 139.535 -101.184
TH_KNU1_A -41.779 109.805 15.6946
TH_KNU1_B -15.7601 100.829 55.934
TH_KNU2_A -54.0691 114.491 -14.897
TH_KNU3_A -66.4039 118.735 -33.6665
PALM_POSITION 1.08221 125.48 3.87718
PALM_NORMAL 0.108795 -0.949894 -0.293029
