F4_KNU1_A -32.6727 147.99 -58.7601
F4_KNU1_B -25.7865 130.859 -21.0814
F4_KNU2_A -35.8363 153.163 -81.5739
F4_KNU3_A -37.5674 153.989 -98.1499
F3_KNU1_A -3.31104 115.334 -62.767
F3_KNU1_B -4.7889 135.943 -20.4686
F3_KNU2_A -2.98169 92.5665 -78.6673
F3_KNU3_A -3.02315 74.9892 -83.9471
F1_KNU1_A 36.636 142.163 -42.0435
F1_KNU1_B 36.3523 132.71 -8.83031
F1_KNU2_A 36.452 145.963 -60.7629
F1_KNU3_A 36.0555 148.312 -77.4279
F2_KNU1_A 19.4971 139.56 -58.1121
F2_KNU1_B 16.6789 136.749 -14.6578
F2_KNU2_A 20.9333 138.05 -85.0869
F2_KNU3_A 21.7339 135.383 -103.121
TH_KNU1_A -42.9839 106.453 11.7807
TH_KNU1_B -16.2245 94.6392 50.7824
TH_KNU2_A -56.4323 113.613 -17.829
TH_KNU3_A -69.2899 119.205 -35.8805
PALM_POSITION 0.0328244 123.635 0.820872
PALM_NORMAL 0.133317 -0.921508 -0.364759
