F4_KNU1_A -39.2228 138.483 -57.3695
F4_KNU1_B -30.0756 128.024 -17.7777
F4_KNU2_A -44.1577 143.084 -79.9907
F4_KNU3_A -47.5177 145.6 -96.1409
F3_KNU1_A -10.4161 142.702 -63.5926
F3_KNU1_B -9.04461 133.001 -17.5484
F3_KNU2_A -11.2521 146.547 -91.0849
F3_KNU3_A -11.8165 148.104 -109.363
F1_KNU1_A 31.9282 135.204 -41.2895
F1_KNU1_B 32.4067 129.074 -7.30782
F1_KNU2_A 29.9925 131.662 -59.9602
F1_KNU3_A 27.3339 124.225 -74.8269
F2_KNU1_A 13.5123 106.164 -46.3847
F2_KNU1_B 12.5893 133.455 -12.3476
F2_KNU2_A 12.2555 82.981 -60.2748
F2_KNU3_A 10.7644 65.8544 -66.3934
TH_KNU1_A -46.1437 102.176 14.1984
TH_KNU1_B -18.5679 88.3762 51.9597
TH_KNU2_A -60.7094 110.897 -14.4484
TH_KNU3_A -75.0457 117.557 -30.9578
PALM_POSITION -3.65504 119.673 2.97658
PALM_NORMAL 0.118001 -0.903459 -0.412114
