F4_KNU1_A -47.0459 141.627 -57.3694
F4_KNU1_B -36.0752 129.902 -18.6042
F4_KNU2_A -53.3045 146.565 -79.5887
F4_KNU3_A -57.7597 149.144 -95.4614
F3_KNU1_A -20.1288 144.916 -65.1708
F3_KNU1_B -14.5742 130.316 -20.7634
F3_KNU2_A -23.8376 151.896 -91.7947
F3_KNU3_A -26.5032 155.659 -109.559
F1_KNU1_A 29.3775 120.175 -51.0518
F1_KNU1_B 25.8249 116.477 -16.901
F1_KNU2_A 29.4393 119.216 -70.1297
F1_KNU3_A 28.2766 116.469 -86.6977
F2_KNU1_A 6.63731 136.648 -60.8092
F2_KNU1_B 7.05492 125.537 -18.6131
F2_KNU2_A 5.72227 141.734 -87.3663
F2_KNU3_A 4.77195 144.231 -105.417
TH_KNU1_A -53.1042 100.059 9.134
TH_KNU1_B -25.9931 79.4928 44.0448
TH_KNU2_A -68.851 113.173 -17.1135
TH_KNU3_A -83.5703 123.405 -31.294
PALM_POSITION -10.0396 113.456 -2.78694
PALM_NORMAL -0.134296 -0.842536 -0.52163
