F4_KNU1_A -49.482 133.773 -55.51
F4_KNU1_B -38.9262 120.957 -16.9756
F4_KNU2_A -55.5297 138.561 -77.8202
F4_KNU3_A -59.8322 140.473 -93.8289
F3_KNU1_A -21.8585 139.238 -62.2716
F3_KNU1_B -17.4182 122.411 -18.5317
F3_KNU2_A -24.9379 147.089 -88.7329
F3_KNU3_A -27.2227 151.074 -106.502
F1_KNU1_A 25.2597 94.9367 -39.4668
F1_KNU1_B 23.5593 113.021 -10.096
F1_KNU2_A 20.487 79.317 -49.3732
F1_KNU3_A 13.6869 64.4153 -53.2581
F2_KNU1_A 3.80175 131.881 -56.5698
F2_KNU1_B 4.34745 119.943 -14.6019
F2_KNU2_A 2.57436 136.063 -83.2716
F2_KNU3_A 1.25852 137.046 -101.445
TH_KNU1_A -55.8914 101.015 18.1798
TH_KNU1_B -28.5997 88.7471 56.6692
TH_KNU2_A -70.0987 107.413 -11.2493
TH_KNU3_A -83.4781 113.425 -28.7791
PALM_POSITION -12.6646 110.979 3.25523
PALM_NORMAL -0.0549274 -0.953936 -0.29494
