F4_KNU1_A -45.9365 140.463 -63.0713
F4_KNU1_B -38.8589 128.587 -23.4551
F4_KNU2_A -50.7897 144.027 -85.8966
F4_KNU3_A -54.6757 144.702 -102.11
F3_KNU1_A -17.2537 138.238 -72.2035
F3_KNU1_B -17.851 124.986 -27.0365
F3_KNU2_A -18.1973 143.373 -99.4809
F3_KNU3_A -19.5323 145.249 -117.689
F1_KNU1_A 27.106 111.217 -56.073
F1_KNU1_B 20.3157 105.95 -22.6258
F1_KNU2_A 29.1505 112.049 -75.0472
F1_KNU3_A 29.7014 111.281 -91.855
F2_KNU1_A 6.20584 127.735 -67.4748
F2_KNU1_B 2.96994 117.34 -25.2185
F2_KNU2_A 6.79066 131.704 -94.2309
F2_KNU3_A 6.38705 132.973 -112.43
TH_KNU1_A -59.5631 113.815 16.28
TH_KNU1_B -29.8732 92.5365 48.5677
TH_KNU2_A -76.7449 125.806 -9.60159
TH_KNU3_A -90.7239 135.832 -24.6524
PALM_POSITION -14.0016 112.071 -5.90891
PALM_NORMAL -0.306145 -0.904365 -0.297319
