F4_KNU1_A -32.0709 148.084 -73.6037
F4_KNU1_B -31.2652 135.335 -33.6363
F4_KNU2_A -33.641 154.224 -96.3432
F4_KNU3_A -35.4158 157.931 -112.516
F3_KNU1_A -9.31631 129.07 -82.0851
F3_KNU1_B -15.0433 121.253 -36.0183
F3_KNU2_A -7.33754 132.725 -109.545
F3_KNU3_A -6.82205 134.594 -127.795
F1_KNU1_A 13.9982 85.8968 -61.8246
F1_KNU1_B 8.74066 86.56 -27.7
F1_KNU2_A 14.48 84.5759 -80.8749
F1_KNU3_A 13.1698 82.748 -97.5583
F2_KNU1_A 3.89948 106.668 -75.8078
F2_KNU1_B -0.733726 104.583 -32.4682
F2_KNU2_A 4.40555 106.556 -102.858
F2_KNU3_A 3.42866 105.699 -121.059
TH_KNU1_A -53.4266 141.155 8.70059
TH_KNU1_B -37.9226 110.366 43.1743
TH_KNU2_A -63.6063 160.672 -16.2856
TH_KNU3_A -70.8344 174.953 -32.6027
PALM_POSITION -17.1101 111.324 -13.103
PALM_NORMAL -0.72987 -0.662432 -0.168744
