F4_KNU1_A -22.2883 151.815 -76.6232
F4_KNU1_B -24.5762 138.427 -36.9229
F4_KNU2_A -22.7853 158.051 -99.3852
F4_KNU3_A -24.2133 161.643 -115.618
F3_KNU1_A -3.32648 130.061 -84.5596
F3_KNU1_B -10.0524 122.508 -38.5839
F3_KNU2_A -2.35441 132.94 -112.165
F3_KNU3_A -3.40139 133.936 -130.462
F1_KNU1_A 11.2843 85.4694 -63.4624
F1_KNU1_B 9.26588 85.451 -28.9879
F1_KNU2_A 8.95239 84.5575 -82.3997
F1_KNU3_A 4.56858 83.1373 -98.5911
F2_KNU1_A 4.87566 99.5833 -77.618
F2_KNU1_B 2.10306 104.357 -34.3324
F2_KNU2_A 2.45646 94.8468 -104.145
F2_KNU3_A -1.36103 90.7632 -121.516
TH_KNU1_A -45.4179 149.261 5.6768
TH_KNU1_B -36.2713 115.916 40.0455
TH_KNU2_A -51.4626 170.887 -18.9127
TH_KNU3_A -55.7103 186.288 -35.2592
PALM_POSITION -13.9116 113.339 -15.5838
PALM_NORMAL -0.797302 -0.576112 -0.180014
