F4_KNU1_A -24.5672 152.971 -76.12
F4_KNU1_B -24.8359 138.006 -36.9212
F4_KNU2_A -26.5473 159.35 -98.7613
F4_KNU3_A -29.2115 162.575 -114.915
F3_KNU1_A -2.27001 133.998 -83.991
F3_KNU1_B -8.30101 124.161 -38.3521
F3_KNU2_A -2.00862 137.47 -111.544
F3_KNU3_A -3.68364 138.42 -129.796
F1_KNU1_A 20.4372 90.9231 -62.859
F1_KNU1_B 15.415 89.7647 -28.7122
F1_KNU2_A 19.5406 90.0479 -81.9199
F1_KNU3_A 16.1897 88.234 -98.3174
F2_KNU1_A 13.1301 111.224 -76.892
F2_KNU1_B 5.99767 107.675 -33.989
F2_KNU2_A 13.5824 110.985 -103.942
F2_KNU3_A 11.6585 109.462 -122.024
TH_KNU1_A -48.1753 145.34 5.28681
TH_KNU1_B -35.8444 112.605 39.2449
TH_KNU2_A -56.2368 166.681 -18.9702
TH_KNU3_A -61.7559 181.29 -35.6607
PALM_POSITION -11.6307 114.102 -15.6429
PALM_NORMAL -0.708697 -0.671742 -0.215666
