F4_KNU1_A -30.8005 150.096 -72.8459
F4_KNU1_B -27.6326 135.188 -33.7526
F4_KNU2_A -34.0382 156.148 -95.4321
F4_KNU3_A -37.169 158.987 -111.575
F3_KNU1_A -3.71542 138.191 -80.1946
F3_KNU1_B -8.22496 125.761 -35.015
F3_KNU2_A -3.42425 142.789 -107.582
F3_KNU3_A -4.55892 144.257 -125.841
F1_KNU1_A 30.665 102.229 -58.8699
F1_KNU1_B 22.8044 97.7245 -25.546
F1_KNU2_A 32.399 102.802 -77.8846
F1_KNU3_A 32.0133 101.915 -94.6911
F2_KNU1_A 16.417 120.549 -73.0601
F2_KNU1_B 9.49872 113.034 -30.6362
F2_KNU2_A 18.1635 122.633 -99.9782
F2_KNU3_A 17.8976 122.573 -118.224
TH_KNU1_A -54.2147 133.145 6.67659
TH_KNU1_B -34.1656 105.257 41.2749
TH_KNU2_A -67.3413 151.384 -17.8973
TH_KNU3_A -76.1238 163.58 -35.1192
PALM_POSITION -9.62179 114.413 -12.7155
PALM_NORMAL -0.520805 -0.813893 -0.257567
