F4_KNU1_A -38.6469 105.805 -73.5576
F4_KNU1_B -31.9183 105.435 -32.1431
F4_KNU2_A -40.1704 102.987 -96.9453
F4_KNU3_A -39.8896 99.2459 -113.205
F3_KNU1_A -20.9021 126.05 -80.0136
F3_KNU1_B -15.6952 119.634 -33.6696
F3_KNU2_A -22.4701 126.889 -107.729
F3_KNU3_A -22.6418 125.767 -126.047
F1_KNU1_A 18.5901 148.442 -56.2187
F1_KNU1_B 21.1885 138.807 -23.1584
F1_KNU2_A 17.7559 151.418 -75.0691
F1_KNU3_A 17.4867 152.226 -91.8818
F2_KNU1_A -0.927159 140.426 -71.7074
F2_KNU1_B 2.43735 131.695 -29.086
F2_KNU2_A -1.79821 143.004 -98.6254
F2_KNU3_A -1.67207 143.073 -116.873
TH_KNU1_A -41.3752 86.9639 7.65796
TH_KNU1_B -13.2679 96.8264 46.2516
TH_KNU2_A -52.5314 81.4042 -23.2206
TH_KNU3_A -63.7879 77.0367 -42.6284
PALM_POSITION -7.68896 116.661 -10.1104
PALM_NORMAL 0.570417 -0.812931 -0.117335
