F4_KNU1_A -55.3205 158.621 -53.7212
F4_KNU1_B -50.2518 153.63 -11.3518
F4_KNU2_A -58.1032 158.672 -77.7308
F4_KNU3_A -60.0152 157.204 -94.6455
F3_KNU1_A -32.1268 172.681 -58.9138
F3_KNU1_B -28.3896 155.977 -13.8549
F3_KNU2_A -34.8318 179.778 -86.317
F3_KNU3_A -36.8813 182.907 -104.733
F1_KNU1_A 16.5815 165.262 -38.2747
F1_KNU1_B 14.2102 147.103 -8.02724
F1_KNU2_A 17.1296 173.712 -55.9054
F1_KNU3_A 17.0293 179.888 -71.9974
F2_KNU1_A -7.2916 174.654 -50.6388
F2_KNU1_B -5.86625 153.879 -11.1089
F2_KNU2_A -8.66586 185.83 -75.9495
F2_KNU3_A -9.87469 192.344 -93.4194
TH_KNU1_A -65.5911 129.629 23.8753
TH_KNU1_B -34.9733 115.044 60.503
TH_KNU2_A -81.731 137.86 -5.00837
TH_KNU3_A -95.1447 144.363 -23.0504
PALM_POSITION -22.0759 142.678 7.16014
PALM_NORMAL -0.0414363 -0.928322 -0.369461
