F4_KNU1_A -36.9158 112.754 -72.9964
F4_KNU1_B -31.015 113.364 -31.4587
F4_KNU2_A -38.2642 109.021 -96.2664
F4_KNU3_A -37.9902 104.367 -112.289
F3_KNU1_A -16.4626 129.015 -80.7041
F3_KNU1_B -13.3027 125.513 -33.8661
F3_KNU2_A -16.9453 127.48 -108.43
F3_KNU3_A -16.4556 124.388 -126.514
F1_KNU1_A 28.1968 147.797 -57.5589
F1_KNU1_B 24.7617 142.387 -23.6251
F1_KNU2_A 30.666 147.369 -76.4959
F1_KNU3_A 33.216 144.41 -92.8708
F2_KNU1_A 6.42629 140.854 -73.1873
F2_KNU1_B 5.72622 136.311 -29.7937
F2_KNU2_A 8.03082 140.006 -100.182
F2_KNU3_A 9.78517 137.283 -118.139
TH_KNU1_A -43.8819 101.825 9.43133
TH_KNU1_B -17.9097 115.094 48.4971
TH_KNU2_A -54.9722 92.4881 -20.5466
TH_KNU3_A -65.592 86.1642 -39.7736
PALM_POSITION -7.02209 125.42 -9.60666
PALM_NORMAL 0.48576 -0.872943 0.0448107
