F4_KNU1_A -46.719 123.202 -67.0834
F4_KNU1_B -39.4021 140.141 -29.399
F4_KNU2_A -50.7211 109.461 -85.8559
F4_KNU3_A -53.3909 97.5785 -97.2633
F3_KNU1_A -17.6719 122.047 -74.9315
F3_KNU1_B -17.9579 141.141 -31.904
F3_KNU2_A -18.4421 105.178 -96.9807
F3_KNU3_A -19.4508 91.4018 -109.065
F1_KNU1_A 30.7109 129.242 -51.6882
F1_KNU1_B 23.27 141.113 -20.1243
F1_KNU2_A 33.1596 118.659 -67.4009
F1_KNU3_A 33.9795 106.785 -79.3059
F2_KNU1_A 8.22048 124.632 -67.1721
F2_KNU1_B 3.8395 142.694 -27.6921
F2_KNU2_A 9.4136 107.519 -88.094
F2_KNU3_A 9.31616 93.2427 -99.4583
TH_KNU1_A -60.4379 153.055 11.9744
TH_KNU1_B -28.6811 163.454 47.4724
TH_KNU2_A -79.9591 143.913 -13.407
TH_KNU3_A -96.6362 140.989 -28.7619
PALM_POSITION -13.0073 146.656 -7.96538
PALM_NORMAL -0.00982654 -0.920615 0.390347
