F4_KNU1_A -50.0362 128.034 -55.5104
F4_KNU1_B -41.6125 156.256 -25.6244
F4_KNU2_A -54.2763 107.823 -66.9457
F4_KNU3_A -56.7909 91.9351 -71.384
F3_KNU1_A -19.2831 126.705 -64.5521
F3_KNU1_B -20.2278 157.122 -28.6364
F3_KNU2_A -19.6458 103.415 -79.6778
F3_KNU3_A -20.3798 86.0772 -85.6514
F1_KNU1_A 30.5499 142.047 -44.94
F1_KNU1_B 21.0726 161.344 -17.9146
F1_KNU2_A 34.2102 127.712 -57.0234
F1_KNU3_A 36.0865 112.996 -64.9796
F2_KNU1_A 6.95177 131.521 -57.6582
F2_KNU1_B 1.54554 160.326 -25.329
F2_KNU2_A 8.79412 108.562 -71.8519
F2_KNU3_A 9.10977 91.2207 -77.524
TH_KNU1_A -65.7871 180.833 13.4882
TH_KNU1_B -30.9968 199.545 42.0589
TH_KNU2_A -87.4362 165.662 -6.75984
TH_KNU3_A -105.467 159.258 -19.2623
PALM_POSITION -15.2586 168.964 -7.1179
PALM_NORMAL 0.0206787 -0.782713 0.622039
