F4_KNU1_A -39.3623 143.777 -69.5037
F4_KNU1_B -34.3937 156.615 -29.8669
F4_KNU2_A -41.9004 130.342 -88.7468
F4_KNU3_A -43.4209 117.772 -99.6157
F3_KNU1_A -9.85112 145.95 -76.8878
F3_KNU1_B -12.9254 158.416 -31.5979
F3_KNU2_A -9.19791 130.516 -99.9678
F3_KNU3_A -9.46213 116.564 -111.889
F1_KNU1_A 38.0487 150.972 -50.6694
F1_KNU1_B 27.9177 158.595 -18.5474
F1_KNU2_A 41.8297 141.786 -66.9852
F1_KNU3_A 43.567 130.468 -79.3252
F2_KNU1_A 14.7266 149.19 -68.3612
F2_KNU1_B 8.68022 160.236 -26.5814
F2_KNU2_A 16.8079 134.724 -91.1293
F2_KNU3_A 17.1356 121.298 -103.483
TH_KNU1_A -59.0603 164.474 13.7383
TH_KNU1_B -26.6685 173.935 48.9241
TH_KNU2_A -76.5936 154.224 -12.6506
TH_KNU3_A -94.2094 152.356 -27.095
PALM_POSITION -8.85583 162.116 -7.14945
PALM_NORMAL 0.00678003 -0.94905 0.315052
