F4_KNU1_A -36.2321 157.508 -72.9523
F4_KNU1_B -29.4344 149.046 -32.4213
F4_KNU2_A -39.837 155.184 -96.1653
F4_KNU3_A -42.0638 149.308 -111.624
F3_KNU1_A -7.7075 164.504 -79.8363
F3_KNU1_B -8.07346 151.526 -34.5874
F3_KNU2_A -8.60326 163.542 -107.578
F3_KNU3_A -9.80145 157.875 -124.993
F1_KNU1_A 40.5509 155.821 -57.6701
F1_KNU1_B 33.4619 146.585 -25.1584
F1_KNU2_A 42.4477 155.206 -76.6679
F1_KNU3_A 42.4136 150.291 -92.7685
F2_KNU1_A 17.0798 163.953 -72.2333
F2_KNU1_B 13.8218 151.259 -30.6117
F2_KNU2_A 17.4812 163.627 -99.2836
F2_KNU3_A 16.7543 158.484 -116.777
TH_KNU1_A -50.0014 137.123 10.555
TH_KNU1_B -16.7445 132.624 45.9175
TH_KNU2_A -68.3375 137.797 -17.2332
TH_KNU3_A -85.3242 140.76 -32.2372
PALM_POSITION -2.49995 144.912 -11.0678
PALM_NORMAL 0.00637199 -0.994779 -0.101849
