F4_KNU1_A -34.6219 166.238 -67.9947
F4_KNU1_B -27.1813 147.627 -31.132
F4_KNU2_A -38.6639 169.658 -90.9992
F4_KNU3_A -41.1912 167.407 -107.339
F3_KNU1_A -6.25466 174.981 -73.6624
F3_KNU1_B -5.89538 150.625 -33.3794
F3_KNU2_A -7.61523 181.094 -100.72
F3_KNU3_A -9.1308 179.737 -118.96
F1_KNU1_A 42.0415 162.161 -54.9312
F1_KNU1_B 35.8863 144.726 -25.7641
F1_KNU2_A 43.3592 166.165 -73.5624
F1_KNU3_A 42.7454 164.858 -90.3347
F2_KNU1_A 18.5357 173.357 -66.7543
F2_KNU1_B 16.0905 149.977 -29.9907
F2_KNU2_A 18.441 180.241 -92.9188
F2_KNU3_A 17.3799 179.742 -111.129
TH_KNU1_A -46.3937 129.514 9.86161
TH_KNU1_B -12.5035 119.572 43.4676
TH_KNU2_A -64.5548 134.27 -17.6412
TH_KNU3_A -80.5496 138.976 -33.2767
PALM_POSITION 0.285465 140.557 -11.2798
PALM_NORMAL 0.0104585 -0.967464 -0.252794
