F4_KNU1_A -56.5465 161.329 -53.8735
F4_KNU1_B -50.1114 152.741 -12.273
F4_KNU2_A -60.1593 164.71 -77.532
F4_KNU3_A -62.702 166.275 -94.3547
F3_KNU1_A -29.3309 162.396 -62.4973
F3_KNU1_B -28.2463 154.931 -14.8909
F3_KNU2_A -30.193 165.497 -90.751
F3_KNU3_A -30.8789 166.857 -109.481
F1_KNU1_A 16.6806 164.272 -39.132
F1_KNU1_B 14.3324 146.049 -8.92145
F1_KNU2_A 17.2332 172.822 -56.7146
F1_KNU3_A 17.1454 179.127 -72.7566
F2_KNU1_A -6.64837 173.908 -51.5193
F2_KNU1_B -5.72469 152.818 -12.141
F2_KNU2_A -7.70802 185.337 -76.7315
F2_KNU3_A -8.70689 192.046 -94.1409
TH_KNU1_A -65.5676 130.235 23.9
TH_KNU1_B -34.8089 116.082 60.5792
TH_KNU2_A -81.2861 137.834 -5.38646
TH_KNU3_A -94.8695 144.146 -23.3692
PALM_POSITION -21.9335 142.189 6.46687
PALM_NORMAL -0.0460057 -0.937949 -0.343708
