F4_KNU1_A -38.1558 173.735 -61.3878
F4_KNU1_B -28.756 147.562 -29.9678
F4_KNU2_A -43.3188 182.624 -82.6382
F4_KNU3_A -46.6154 184.638 -98.8714
F3_KNU1_A -10.1111 184.041 -66.5906
F3_KNU1_B -7.68977 151.689 -32.4803
F3_KNU2_A -12.4332 196.952 -91.0699
F3_KNU3_A -14.419 201.05 -108.849
F1_KNU1_A 39.5904 170.555 -51.3335
F1_KNU1_B 34.5281 146.606 -26.9739
F1_KNU2_A 40.7509 179.61 -68.1133
F1_KNU3_A 40.3534 183.547 -84.4758
F2_KNU1_A 14.9752 182.642 -60.4748
F2_KNU1_B 14.4128 151.527 -29.8861
F2_KNU2_A 14.1281 196.733 -83.555
F2_KNU3_A 12.8253 202.371 -100.861
TH_KNU1_A -45.9961 124.247 9.44908
TH_KNU1_B -10.3765 111.039 40.003
TH_KNU2_A -64.8427 131.88 -16.9215
TH_KNU3_A -80.6182 137.849 -32.3471
PALM_POSITION -0.350007 139.202 -12.0307
PALM_NORMAL 0.036975 -0.92708 -0.373034
