F4_KNU1_A -39.3703 175.24 -54.0223
F4_KNU1_B -28.47 144.469 -27.6612
F4_KNU2_A -45.6416 189.049 -72.1116
F4_KNU3_A -50.0016 196.13 -86.5788
F3_KNU1_A -11.5484 185.482 -59.9659
F3_KNU1_B -7.52588 148.974 -30.5208
F3_KNU2_A -14.6607 203.549 -80.828
F3_KNU3_A -17.1203 212.952 -96.3959
F1_KNU1_A 40.2058 170.416 -48.282
F1_KNU1_B 34.8845 143.675 -27.0883
F1_KNU2_A 42.0065 182.727 -62.7765
F1_KNU3_A 42.5898 191.118 -77.3584
F2_KNU1_A 13.8123 183.297 -55.3624
F2_KNU1_B 14.658 148.715 -28.7638
F2_KNU2_A 12.3702 201.754 -75.0915
F2_KNU3_A 10.833 211.966 -90.1359
TH_KNU1_A -44.6564 117.051 10.4153
TH_KNU1_B -7.38439 101.355 37.6403
TH_KNU2_A -64.2245 126.877 -14.6725
TH_KNU3_A -80.533 134.095 -28.9688
PALM_POSITION 0.609761 134.584 -11.6868
PALM_NORMAL 0.0263901 -0.885484 -0.46392
