F4_KNU1_A -39.7277 177.893 -49.3872
F4_KNU1_B -28.7033 145.584 -24.9916
F4_KNU2_A -46.1451 193.734 -65.6695
F4_KNU3_A -50.735 203.162 -78.6502
F3_KNU1_A -12.2373 187.862 -55.6515
F3_KNU1_B -7.76628 149.974 -28.0728
F3_KNU2_A -15.4927 207.985 -74.513
F3_KNU3_A -18.0009 219.69 -88.4247
F1_KNU1_A 40.0854 171.662 -45.7454
F1_KNU1_B 34.6358 144.049 -25.7352
F1_KNU2_A 42.252 185.35 -58.8924
F1_KNU3_A 43.4243 195.874 -71.9791
F2_KNU1_A 13.4998 185.124 -51.7996
F2_KNU1_B 14.4431 149.387 -26.7779
F2_KNU2_A 12.2639 205.549 -69.4991
F2_KNU3_A 11.0207 218.068 -82.7165
TH_KNU1_A -44.8437 117.056 12.9703
TH_KNU1_B -6.86178 99.3853 37.9078
TH_KNU2_A -65.147 128.515 -10.8063
TH_KNU3_A -81.899 136.733 -24.0077
PALM_POSITION 0.563028 134.673 -10.0593
PALM_NORMAL 0.00646561 -0.864313 -0.502913
