F4_KNU1_A -34.9637 185.712 -46.6838
F4_KNU1_B -27.2345 152.005 -22.9217
F4_KNU2_A -39.9649 202.616 -62.3839
F4_KNU3_A -43.8751 213 -74.8467
F3_KNU1_A -6.22099 191.447 -54.5229
F3_KNU1_B -6.05291 153.227 -27.0416
F3_KNU2_A -7.38304 211.913 -73.2614
F3_KNU3_A -8.80764 223.936 -87.0546
F1_KNU1_A 43.4805 167.577 -47.1696
F1_KNU1_B 35.0486 141.017 -26.7728
F1_KNU2_A 47.0698 180.968 -60.3104
F1_KNU3_A 49.2953 191.51 -73.2453
F2_KNU1_A 18.9493 184.887 -51.9272
F2_KNU1_B 15.8552 149.319 -26.838
F2_KNU2_A 19.8622 205.342 -69.6113
F2_KNU3_A 19.8259 217.971 -82.7828
TH_KNU1_A -45.5698 127.262 17.1497
TH_KNU1_B -9.49194 102.785 38.9682
TH_KNU2_A -65.7576 142.863 -4.24915
TH_KNU3_A -81.6939 154.141 -16.1357
PALM_POSITION 0.766943 136.774 -9.4128
PALM_NORMAL -0.147594 -0.853359 -0.499994
