F4_KNU1_A -7.86081 190.13 -59.1219
F4_KNU1_B -12.9651 161.869 -28.5299
F4_KNU2_A -7.77799 204.228 -78.0554
F4_KNU3_A -9.55477 212.785 -92.2705
F3_KNU1_A 16.7962 174.352 -72.2254
F3_KNU1_B 3.05915 148.923 -35.0676
F3_KNU2_A 21.3894 187.609 -96.1933
F3_KNU3_A 22.1713 195.082 -112.938
F1_KNU1_A 42.6132 125.338 -64.8824
F1_KNU1_B 27.6477 113.808 -35.9749
F1_KNU2_A 47.8382 130.77 -82.4347
F1_KNU3_A 49.8308 134.645 -98.6955
F2_KNU1_A 32.5946 153.776 -71.0687
F2_KNU1_B 17.7057 132.204 -36.1815
F2_KNU2_A 38.564 165.781 -94.5682
F2_KNU3_A 40.4455 172.85 -111.286
TH_KNU1_A -31.5594 160.6 19.1115
TH_KNU1_B -12.8111 121.802 41.9131
TH_KNU2_A -43.6542 184.118 -1.12468
TH_KNU3_A -52.2078 201.251 -13.6042
PALM_POSITION 3.03709 134.539 -14.5475
PALM_NORMAL -0.738442 -0.631086 -0.237557
