F4_KNU1_A -7.88434 185.771 -59.3244
F4_KNU1_B -10.1387 159.621 -26.5874
F4_KNU2_A -9.50235 198.446 -79.1731
F4_KNU3_A -12.4938 205.878 -93.8108
F3_KNU1_A 17.0273 169.358 -72.0967
F3_KNU1_B 5.8856 146.396 -32.5408
F3_KNU2_A 19.9696 180.928 -97.1724
F3_KNU3_A 19.6357 187.179 -114.425
F1_KNU1_A 43.9357 122.509 -61.5509
F1_KNU1_B 30.7034 111.443 -31.6344
F1_KNU2_A 48.1272 127.601 -79.4783
F1_KNU3_A 49.1917 131.124 -95.9055
F2_KNU1_A 33.1363 149.103 -69.8772
F2_KNU1_B 20.6318 129.73 -32.8306
F2_KNU2_A 37.568 159.573 -94.428
F2_KNU3_A 38.4201 165.531 -111.654
TH_KNU1_A -27.4733 160.195 19.4646
TH_KNU1_B -8.7566 123.957 46.171
TH_KNU2_A -40.1038 184.178 0.122186
TH_KNU3_A -48.8912 201.232 -12.303
PALM_POSITION 6.24018 133.3 -11.179
PALM_NORMAL -0.737168 -0.648988 -0.188142
