F4_KNU1_A -34.663 176.752 -52.4981
F4_KNU1_B -27.2156 149.368 -21.5914
F4_KNU2_A -40.3768 189.381 -71.6057
F4_KNU3_A -45.3144 196.341 -85.9454
F3_KNU1_A -4.03996 173.986 -63.2101
F3_KNU1_B -6.65367 144.761 -26.3984
F3_KNU2_A -4.58612 188.387 -86.9509
F3_KNU3_A -6.21564 195.987 -103.577
F1_KNU1_A 39.865 142.602 -51.9358
F1_KNU1_B 30.5008 123.419 -24.79
F1_KNU2_A 43.0504 151.421 -68.578
F1_KNU3_A 44.1873 157.57 -84.2082
F2_KNU1_A 19.1883 162.909 -59.8069
F2_KNU1_B 13.747 135.877 -25.987
F2_KNU2_A 20.5417 177.332 -82.6572
F2_KNU3_A 20.1775 185.443 -98.9988
TH_KNU1_A -47.1122 137.312 21.9448
TH_KNU1_B -16.8722 109.526 48.2179
TH_KNU2_A -67.3449 155.906 3.13617
TH_KNU3_A -81.5252 168.935 -9.1767
PALM_POSITION -2.54658 130.672 -6.08533
PALM_NORMAL -0.372699 -0.870722 -0.320841
