F4_KNU1_A -57.537 159.705 -51.6551
F4_KNU1_B -43.1454 137.522 -19.0769
F4_KNU2_A -65.4408 168.78 -71.9635
F4_KNU3_A -70.7711 172.869 -87.238
F3_KNU1_A -30.0304 173.115 -56.4093
F3_KNU1_B -22.3106 142.877 -21.1655
F3_KNU2_A -34.9459 188.004 -79.3316
F3_KNU3_A -38.3655 195.882 -95.552
F1_KNU1_A 20.87 166.19 -37.6044
F1_KNU1_B 20.0082 140.306 -14.7609
F1_KNU2_A 20.7748 179.129 -51.6569
F1_KNU3_A 20.2194 189.273 -65.0804
F2_KNU1_A -4.81755 174.217 -49.2891
F2_KNU1_B -0.296266 144.025 -18.1106
F2_KNU2_A -8.05752 190.951 -70.2999
F2_KNU3_A -10.5001 200.885 -85.4109
TH_KNU1_A -60.9663 114.945 22.0735
TH_KNU1_B -24.1227 102.327 51.4011
TH_KNU2_A -83.2044 123.069 -1.34248
TH_KNU3_A -99.9799 128.906 -15.7286
PALM_POSITION -14.68 130.898 -0.519702
PALM_NORMAL 0.0993464 -0.924252 -0.368631
