F4_KNU1_A -33.5458 126.427 -67.231
F4_KNU1_B -24.6394 113.735 -28.2418
F4_KNU2_A -37.1172 132.207 -89.8382
F4_KNU3_A -38.6894 135.38 -106.145
F3_KNU1_A -20.0434 151.311 -66.3635
F3_KNU1_B -10.7921 130.08 -25.3792
F3_KNU2_A -25.0818 163.32 -90.8933
F3_KNU3_A -28.1464 170.927 -107.312
F1_KNU1_A 15.0896 174.224 -32.8908
F1_KNU1_B 20.1528 152.801 -6.28263
F1_KNU2_A 12.5659 185.579 -48.0427
F1_KNU3_A 10.5767 195.159 -61.7416
F2_KNU1_A -4.3625 166.241 -52.8624
F2_KNU1_B 4.12194 143.91 -16.3459
F2_KNU2_A -9.44607 179.841 -75.6919
F2_KNU3_A -12.7605 188.854 -91.2085
TH_KNU1_A -41.915 91.1941 8.75338
TH_KNU1_B -19.5271 99.1818 51.3179
TH_KNU2_A -52.3888 87.286 -22.6135
TH_KNU3_A -66.5497 82.3782 -39.8713
PALM_POSITION -6.86451 125.652 -1.02885
PALM_NORMAL 0.700441 -0.710378 -0.068888
