F4_KNU1_A -32.0677 126.136 -67.0374
F4_KNU1_B -23.6764 113.014 -28.0761
F4_KNU2_A -35.4266 132.134 -89.6202
F4_KNU3_A -36.8995 135.445 -105.909
F3_KNU1_A -17.6281 150.219 -66.5345
F3_KNU1_B -9.19531 128.842 -25.4498
F3_KNU2_A -22.2223 162.322 -91.1049
F3_KNU3_A -25.0177 169.998 -107.54
F1_KNU1_A 19.6298 172.049 -33.5866
F1_KNU1_B 22.7094 150.539 -6.74607
F1_KNU2_A 18.234 183.369 -48.9096
F1_KNU3_A 17.2628 192.846 -62.7887
F2_KNU1_A -0.996668 164.813 -53.2192
F2_KNU1_B 6.29083 142.174 -16.6341
F2_KNU2_A -5.37133 178.636 -76.0617
F2_KNU3_A -8.22909 187.82 -91.5688
TH_KNU1_A -41.3347 91.811 9.04344
TH_KNU1_B -18.6645 99.0412 51.594
TH_KNU2_A -52.3205 88.1149 -22.1736
TH_KNU3_A -66.7544 83.6918 -39.336
PALM_POSITION -5.2993 124.501 -1.07871
PALM_NORMAL 0.672241 -0.737411 -0.0657004
