F4_KNU1_A -29.5582 132.884 -67.3241
F4_KNU1_B -24.3927 119.966 -27.7384
F4_KNU2_A -31.4888 138.383 -90.1993
F4_KNU3_A -32.2078 141.09 -106.649
F3_KNU1_A -8.7849 151.723 -68.6604
F3_KNU1_B -6.24446 131.6 -26.179
F3_KNU2_A -9.93877 162.701 -94.1449
F3_KNU3_A -10.4847 169.387 -111.228
F1_KNU1_A 33.8239 164.694 -37.4087
F1_KNU1_B 30.5422 145.364 -8.98065
F1_KNU2_A 35.8369 174.493 -53.6821
F1_KNU3_A 37.7701 182.362 -68.438
F2_KNU1_A 11.9066 162.465 -56.2473
F2_KNU1_B 12.3359 140.962 -18.2792
F2_KNU2_A 11.8023 175.319 -80.0536
F2_KNU3_A 11.8359 183.678 -96.274
TH_KNU1_A -45.8998 106.828 10.4681
TH_KNU1_B -21.7533 110.284 52.679
TH_KNU2_A -58.1922 104.368 -20.3815
TH_KNU3_A -73.8085 102.932 -37.0104
PALM_POSITION -3.17356 127.957 -1.57673
PALM_NORMAL 0.455718 -0.889958 -0.0171795
