F4_KNU1_A -51.6387 130.638 -71.8394
F4_KNU1_B -43.4348 145.384 -33.4231
F4_KNU2_A -56.5939 118.169 -91.2615
F4_KNU3_A -60.1909 107.108 -103.227
F3_KNU1_A -21.6479 129.139 -79.6231
F3_KNU1_B -21.9053 144.791 -35.2271
F3_KNU2_A -22.8656 114.514 -103.201
F3_KNU3_A -24.428 102.127 -116.653
F1_KNU1_A 27.3355 131.315 -53.5803
F1_KNU1_B 18.8295 142.507 -22.0375
F1_KNU2_A 30.2926 121.466 -69.6786
F1_KNU3_A 31.4629 110.351 -82.2675
F2_KNU1_A 4.10634 130.055 -71.0918
F2_KNU1_B -0.19547 145.049 -30.3386
F2_KNU2_A 5.09304 115.593 -93.9355
F2_KNU3_A 4.7474 103.192 -107.318
TH_KNU1_A -66.0703 161.485 7.75909
TH_KNU1_B -33.5231 171.594 42.6194
TH_KNU2_A -87.7151 153.889 -16.3792
TH_KNU3_A -106.402 154.355 -29.533
PALM_POSITION -17.3337 151.103 -11.4105
PALM_NORMAL -0.0865464 -0.897848 0.431716
