F4_KNU1_A -51.2453 130.522 -70.5282
F4_KNU1_B -43.573 146.637 -32.5541
F4_KNU2_A -55.8253 117.403 -89.6112
F4_KNU3_A -59.1224 105.968 -101.308
F3_KNU1_A -21.1297 129.22 -77.97
F3_KNU1_B -22.0211 146.445 -34.1684
F3_KNU2_A -21.8727 113.785 -101.046
F3_KNU3_A -23.0733 100.954 -114.114
F1_KNU1_A 28.1572 133.134 -51.4911
F1_KNU1_B 18.6363 145.282 -20.5989
F1_KNU2_A 31.7684 122.819 -67.1581
F1_KNU3_A 33.5701 111.351 -79.3499
F2_KNU1_A 4.61005 130.494 -69.0907
F2_KNU1_B -0.363926 147.253 -29.1093
F2_KNU2_A 6.04102 114.876 -91.1369
F2_KNU3_A 6.00411 101.735 -103.797
TH_KNU1_A -67.1777 162.533 8.56653
TH_KNU1_B -34.8506 174.698 42.9719
TH_KNU2_A -88.8275 153.729 -15.1536
TH_KNU3_A -107.706 153.598 -28.0384
PALM_POSITION -17.784 153.367 -10.4598
PALM_NORMAL -0.0720679 -0.889792 0.45064
