F4_KNU1_A -44.3219 166.787 -66.3488
F4_KNU1_B -34.4515 151.013 -28.7414
F4_KNU2_A -50.1163 170.437 -88.9398
F4_KNU3_A -54.1802 169.551 -105.1
F3_KNU1_A -15.9661 173.347 -74.1672
F3_KNU1_B -13.1525 153.097 -31.7638
F3_KNU2_A -18.7826 179.357 -101.135
F3_KNU3_A -21.2637 179.518 -119.319
F1_KNU1_A 34.8606 161.2 -55.1507
F1_KNU1_B 28.6264 146.986 -24.3017
F1_KNU2_A 36.6692 164.86 -73.8113
F1_KNU3_A 36.8658 164.552 -90.6417
F2_KNU1_A 8.88343 172.062 -67.6306
F2_KNU1_B 8.88157 152.241 -28.7558
F2_KNU2_A 7.46318 179.05 -93.7293
F2_KNU3_A 5.65671 180.252 -111.848
TH_KNU1_A -52.9693 138.187 14.2583
TH_KNU1_B -18.7863 131.982 48.4603
TH_KNU2_A -74.5361 141.379 -10.912
TH_KNU3_A -93.008 145.901 -23.5921
PALM_POSITION -6.72605 145.663 -8.71129
PALM_NORMAL -0.0206304 -0.991188 -0.130847
