F4_KNU1_A -46.6851 177.83 -64.0621
F4_KNU1_B -36.1056 157.812 -28.7358
F4_KNU2_A -52.8799 184.018 -85.984
F4_KNU3_A -57.21 184.915 -102.074
F3_KNU1_A -18.4101 185.503 -71.6895
F3_KNU1_B -14.9021 160.445 -31.9923
F3_KNU2_A -21.6303 194.533 -97.7545
F3_KNU3_A -24.3634 196.675 -115.776
F1_KNU1_A 32.8046 172.112 -54.9765
F1_KNU1_B 27.0949 154.209 -26.0034
F1_KNU2_A 34.3267 177.955 -73.0992
F1_KNU3_A 34.2735 179.541 -89.8586
F2_KNU1_A 6.52847 183.974 -65.724
F2_KNU1_B 7.20066 159.6 -29.5359
F2_KNU2_A 4.69068 194.007 -90.7827
F2_KNU3_A 2.60883 197.284 -108.613
TH_KNU1_A -53.877 141.216 13.7409
TH_KNU1_B -18.5447 131.879 46.0089
TH_KNU2_A -75.4291 146.346 -11.1195
TH_KNU3_A -93.6103 151.562 -23.9526
PALM_POSITION -7.89087 150.981 -9.87335
PALM_NORMAL -0.0125895 -0.974877 -0.222387
