F4_KNU1_A -50.2462 216.977 -42.9117
F4_KNU1_B -38.9494 182.164 -22.3935
F4_KNU2_A -56.9693 234.122 -57.6798
F4_KNU3_A -61.8373 244.306 -69.9689
F3_KNU1_A -22.5576 227.233 -47.618
F3_KNU1_B -17.8795 186.218 -24.9928
F3_KNU2_A -26.2036 249.135 -64.3013
F3_KNU3_A -29.1189 261.871 -77.1899
F1_KNU1_A 30.9852 208.465 -39.7228
F1_KNU1_B 24.3032 178.651 -23.6282
F1_KNU2_A 33.7057 223.561 -51.1072
F1_KNU3_A 35.2397 235.405 -62.9711
F2_KNU1_A 3.19402 223.492 -43.9167
F2_KNU1_B 4.29875 184.739 -23.8888
F2_KNU2_A 1.59488 245.785 -59.1629
F2_KNU3_A -0.0545302 259.481 -71.1078
TH_KNU1_A -56.0002 150.437 12.5634
TH_KNU1_B -18.6226 127.659 34.0307
TH_KNU2_A -76.5876 166.165 -8.35656
TH_KNU3_A -91.506 176.988 -21.875
PALM_POSITION -10.0541 168.488 -9.10618
PALM_NORMAL -0.0225807 -0.793202 -0.608539
