F4_KNU1_A -46.6346 213.342 -50.0984
F4_KNU1_B -37.5126 180.561 -25.5471
F4_KNU2_A -52.2861 228.928 -66.902
F4_KNU3_A -56.5108 237.763 -80.4129
F3_KNU1_A -18.5049 221.343 -55.8042
F3_KNU1_B -16.2515 183.028 -28.5475
F3_KNU2_A -20.9453 241.11 -75.1595
F3_KNU3_A -23.2127 252.092 -89.6889
F1_KNU1_A 32.8829 200.377 -46.1953
F1_KNU1_B 25.3954 173.044 -26.4625
F1_KNU2_A 35.7958 213.692 -59.5792
F1_KNU3_A 37.2831 223.626 -73.0882
F2_KNU1_A 7.08817 216.355 -51.8612
F2_KNU1_B 5.80112 180.3 -27.3147
F2_KNU2_A 6.75147 236.461 -69.9615
F2_KNU3_A 5.8037 248.335 -83.785
TH_KNU1_A -55.8269 153.414 11.6285
TH_KNU1_B -20.1935 130.758 35.9952
TH_KNU2_A -76.2007 168.286 -10.1108
TH_KNU3_A -90.1215 178.481 -25.1014
PALM_POSITION -9.42318 166.509 -10.9845
PALM_NORMAL -0.0752957 -0.846632 -0.526825
