F4_KNU1_A -39.9739 185.933 -67.4684
F4_KNU1_B -33.7553 161.321 -34.0595
F4_KNU2_A -44.105 196.601 -88.1172
F4_KNU3_A -47.3745 201.89 -103.602
F3_KNU1_A -10.7531 190.07 -73.8946
F3_KNU1_B -12.3046 161.252 -36.7035
F3_KNU2_A -10.9185 204.051 -97.8903
F3_KNU3_A -11.7003 211.247 -114.756
F1_KNU1_A 38.336 169.087 -56.4649
F1_KNU1_B 28.3216 149.29 -30.001
F1_KNU2_A 42.7214 177.996 -72.7831
F1_KNU3_A 45.5579 184.008 -88.2495
F2_KNU1_A 14.1789 184.571 -67.576
F2_KNU1_B 9.41631 157.396 -33.7676
F2_KNU2_A 16.1008 199.054 -90.3468
F2_KNU3_A 16.7223 207.19 -106.669
TH_KNU1_A -56.1388 146.588 9.19907
TH_KNU1_B -21.9088 130.406 39.9107
TH_KNU2_A -75.9177 155.498 -16.0647
TH_KNU3_A -90.7894 162.377 -32.0009
PALM_POSITION -7.23557 150.091 -14.847
PALM_NORMAL -0.13391 -0.95526 -0.263716
