F4_KNU1_A -40.0055 142.997 -70.8281
F4_KNU1_B -33.6936 126.67 -32.6947
F4_KNU2_A -44.187 149.045 -93.2598
F4_KNU3_A -47.5001 151.205 -109.471
F3_KNU1_A -9.79559 145.039 -77.477
F3_KNU1_B -12.1938 125.641 -34.6513
F3_KNU2_A -9.43536 153.307 -103.988
F3_KNU3_A -9.85363 156.723 -122.015
F1_KNU1_A 38.9486 127.201 -54.6537
F1_KNU1_B 27.9493 114.536 -24.468
F1_KNU2_A 43.9824 132.101 -72.4172
F1_KNU3_A 47.4904 134.634 -88.686
F2_KNU1_A 14.8425 140.393 -69.5759
F2_KNU1_B 9.34754 122.055 -30.3629
F2_KNU2_A 17.2808 149.311 -95.0024
F2_KNU3_A 18.2956 153.713 -112.682
TH_KNU1_A -58.6486 121.665 13.197
TH_KNU1_B -24.4043 111.462 46.3629
TH_KNU2_A -77.6385 124.905 -13.9644
TH_KNU3_A -93.915 129.896 -29.216
PALM_POSITION -7.93166 119.135 -10.8296
PALM_NORMAL -0.151223 -0.986345 -0.065235
