F4_KNU1_A -51.8124 178.138 -47.0674
F4_KNU1_B -48.3967 153.412 -12.1001
F4_KNU2_A -54.1406 189.306 -68.3762
F4_KNU3_A -56.0248 195.295 -84.2665
F3_KNU1_A -28.1271 162.525 -61.8634
F3_KNU1_B -26.4021 153.542 -14.5389
F3_KNU2_A -29.851 165.118 -90.1288
F3_KNU3_A -31.3619 165.363 -108.858
F1_KNU1_A 16.2191 158.612 -38.3361
F1_KNU1_B 15.1853 141.369 -7.48353
F1_KNU2_A 16.0674 166.954 -56.0264
F1_KNU3_A 15.3829 173.357 -72.0152
F2_KNU1_A -5.04074 167.631 -52.2559
F2_KNU1_B -4.17556 149.651 -11.3627
F2_KNU2_A -6.0614 177.522 -78.1117
F2_KNU3_A -7.03087 183.446 -95.8052
TH_KNU1_A -65.9279 135.943 25.5747
TH_KNU1_B -36.986 119.892 62.9443
TH_KNU2_A -80.87 144.298 -3.9117
TH_KNU3_A -94.5076 151.86 -21.3632
PALM_POSITION -21.4114 141.573 7.60146
PALM_NORMAL -0.12472 -0.948937 -0.289764
