F4_KNU1_A -41.0389 136.388 -67.8325
F4_KNU1_B -34.4469 118.137 -30.63
F4_KNU2_A -45.4156 143.641 -89.8663
F4_KNU3_A -48.89 146.726 -105.893
F3_KNU1_A -10.9023 138.715 -74.5191
F3_KNU1_B -12.9808 116.931 -32.8392
F3_KNU2_A -10.7724 148.542 -100.494
F3_KNU3_A -11.3659 153.072 -118.27
F1_KNU1_A 37.3529 118.922 -53.4334
F1_KNU1_B 27.0845 104.706 -23.6839
F1_KNU2_A 41.9511 124.816 -71.0121
F1_KNU3_A 45.0628 128.331 -87.1787
F2_KNU1_A 13.496 133.288 -67.1748
F2_KNU1_B 8.54257 112.808 -28.9627
F2_KNU2_A 15.5663 143.678 -92.0696
F2_KNU3_A 16.3166 149.159 -109.459
TH_KNU1_A -59.0651 110.897 15.1281
TH_KNU1_B -24.7164 98.234 47.3241
TH_KNU2_A -78.0479 115.897 -11.77
TH_KNU3_A -94.6299 122.264 -26.1557
PALM_POSITION -8.61314 108.994 -9.4749
PALM_NORMAL -0.1657 -0.97873 -0.120959
