F4_KNU1_A -57.6719 235.656 -69.7374
F4_KNU1_B -48.7591 211.938 -36.2924
F4_KNU2_A -63.475 245.776 -90.2598
F4_KNU3_A -68.0038 250.648 -105.563
F3_KNU1_A -27.8142 240.054 -76.8648
F3_KNU1_B -27.3674 211.606 -39.3604
F3_KNU2_A -29.2949 253.817 -100.941
F3_KNU3_A -31.0207 260.859 -117.802
F1_KNU1_A 21.0666 219.527 -60.1223
F1_KNU1_B 13.3156 199.679 -32.9465
F1_KNU2_A 24.0709 228.443 -76.7467
F1_KNU3_A 25.6053 234.435 -92.4036
F2_KNU1_A -3.06004 234.573 -71.0056
F2_KNU1_B -5.6144 207.738 -36.6915
F2_KNU2_A -2.72454 248.648 -94.1092
F2_KNU3_A -3.30262 256.357 -110.638
TH_KNU1_A -71.6369 199.778 9.80122
TH_KNU1_B -35.5925 184.269 38.7328
TH_KNU2_A -91.3369 207.037 -16.0459
TH_KNU3_A -107.881 214.053 -30.1706
PALM_POSITION -21.9206 201.395 -17.1331
PALM_NORMAL -0.144869 -0.965129 -0.218032
