F4_KNU1_A -56.9686 239.081 -70.6174
F4_KNU1_B -48.0587 215.31 -37.2084
F4_KNU2_A -62.7572 249.218 -91.135
F4_KNU3_A -67.2666 254.095 -106.443
F3_KNU1_A -26.9245 243.55 -77.7069
F3_KNU1_B -26.6604 215.055 -40.2373
F3_KNU2_A -28.2867 257.308 -101.793
F3_KNU3_A -29.9282 264.323 -118.673
F1_KNU1_A 21.9698 223.096 -60.903
F1_KNU1_B 14.0454 203.219 -33.7982
F1_KNU2_A 25.0462 231.959 -77.5427
F1_KNU3_A 26.6197 237.838 -93.2383
F2_KNU1_A -2.23099 238.161 -71.7813
F2_KNU1_B -4.90114 211.239 -37.5439
F2_KNU2_A -1.83455 252.229 -94.8882
F2_KNU3_A -2.37914 259.888 -111.442
TH_KNU1_A -71.1854 202.9 9.04615
TH_KNU1_B -34.9519 187.354 37.7205
TH_KNU2_A -90.774 210.074 -16.9091
TH_KNU3_A -107.527 217.196 -30.7319
PALM_POSITION -21.2254 204.763 -18.0443
PALM_NORMAL -0.14161 -0.964593 -0.222502
