F4_KNU1_A -58.1185 179.994 -47.8704
F4_KNU1_B -52.0907 159.292 -10.7106
F4_KNU2_A -61.6291 191.036 -69.0828
F4_KNU3_A -64.1822 198.465 -84.2554
F3_KNU1_A -33.9306 177.03 -58.1642
F3_KNU1_B -30.1865 158.597 -13.7854
F3_KNU2_A -36.5026 186.875 -84.7176
F3_KNU3_A -38.4015 192.802 -102.449
F1_KNU1_A 10.3262 159.599 -40.8077
F1_KNU1_B 10.8925 143.807 -9.17585
F1_KNU2_A 9.56338 167.656 -58.6134
F1_KNU3_A 8.56439 174.252 -74.5069
F2_KNU1_A -8.13308 163.053 -55.2771
F2_KNU1_B -8.11369 153.349 -11.664
F2_KNU2_A -8.89445 167.236 -82.6509
F2_KNU3_A -9.80839 169.063 -101.223
TH_KNU1_A -69.3826 136.558 24.0937
TH_KNU1_B -40.5083 118.156 60.417
TH_KNU2_A -85.5018 147.21 -3.99956
TH_KNU3_A -99.6832 156.174 -20.3168
PALM_POSITION -25.2537 144.315 6.95218
PALM_NORMAL -0.180122 -0.909319 -0.375093
