F4_KNU1_A -60.1135 179.704 -47.2933
F4_KNU1_B -52.7051 158.027 -10.9477
F4_KNU2_A -64.3951 191.178 -68.1312
F4_KNU3_A -67.4897 198.831 -83.0903
F3_KNU1_A -34.5555 178.326 -56.4381
F3_KNU1_B -30.6538 158.233 -12.7995
F3_KNU2_A -37.3228 188.635 -82.7954
F3_KNU3_A -39.4102 194.55 -100.509
F1_KNU1_A 10.9627 161.188 -37.0315
F1_KNU1_B 10.7246 145.635 -5.27753
F1_KNU2_A 10.0563 167.952 -55.3611
F1_KNU3_A 8.49949 172.496 -71.9153
F2_KNU1_A -9.13941 152.174 -53.8736
F2_KNU1_B -8.52139 154.141 -9.2416
F2_KNU2_A -11.2106 146.063 -80.8138
F2_KNU3_A -13.4181 139.596 -98.203
TH_KNU1_A -71.0699 137.75 24.7542
TH_KNU1_B -43.2959 120.756 62.5901
TH_KNU2_A -86.8603 147.806 -3.74258
TH_KNU3_A -101.558 156.571 -19.7074
PALM_POSITION -26.2558 145.157 8.8343
PALM_NORMAL -0.117784 -0.932922 -0.34027
