F4_KNU1_A -60.3187 179.532 -48.0935
F4_KNU1_B -53.6901 157.955 -11.5382
F4_KNU2_A -64.1635 190.966 -69.0383
F4_KNU3_A -66.9508 198.602 -84.0665
F3_KNU1_A -34.9393 177.538 -57.922
F3_KNU1_B -31.6935 158.037 -13.9623
F3_KNU2_A -37.3406 187.464 -84.4615
F3_KNU3_A -39.1981 193.108 -102.289
F1_KNU1_A 11.7556 163.866 -37.4773
F1_KNU1_B 9.79609 145.219 -7.49834
F1_KNU2_A 11.3075 171.681 -55.4013
F1_KNU3_A 9.74845 176.504 -71.8761
F2_KNU1_A -10.0665 150.096 -55.494
F2_KNU1_B -9.4991 153.827 -10.9741
F2_KNU2_A -12.2839 142.642 -82.0821
F2_KNU3_A -14.6645 135.2 -99.0538
TH_KNU1_A -71.1645 137.792 24.5888
TH_KNU1_B -42.5799 120.732 61.7861
TH_KNU2_A -86.9879 147.563 -3.98842
TH_KNU3_A -101.495 156.114 -20.2408
PALM_POSITION -26.8074 144.966 7.5696
PALM_NORMAL -0.131728 -0.932712 -0.335702
