F4_KNU1_A -62.5714 180.557 -47.385
F4_KNU1_B -55.2785 159.525 -10.639
F4_KNU2_A -66.8509 191.687 -68.4093
F4_KNU3_A -69.9818 199.115 -83.4734
F3_KNU1_A -37.7471 177.242 -57.9465
F3_KNU1_B -33.446 158.052 -13.9408
F3_KNU2_A -40.856 187.138 -84.4238
F3_KNU3_A -43.2255 192.861 -102.165
F1_KNU1_A 10.5783 154.011 -42.5117
F1_KNU1_B 7.20046 142.094 -9.39276
F1_KNU2_A 11.2485 158.842 -61.4526
F1_KNU3_A 10.9606 161.776 -78.4354
F2_KNU1_A -12.5156 154.819 -56.5158
F2_KNU1_B -11.525 152.165 -11.9262
F2_KNU2_A -14.9041 152.428 -84.0109
F2_KNU3_A -17.4028 148.76 -102.16
TH_KNU1_A -72.7544 137.941 24.7122
TH_KNU1_B -44.1321 119.977 61.452
TH_KNU2_A -89.4382 148.477 -3.09332
TH_KNU3_A -103.568 157.328 -19.5171
PALM_POSITION -28.7132 144.185 7.12266
PALM_NORMAL -0.213188 -0.912927 -0.348017
