F4_KNU1_A -64.7906 178.718 -45.6978
F4_KNU1_B -56.5726 156.435 -9.89703
F4_KNU2_A -69.6667 190.626 -66.1584
F4_KNU3_A -73.2696 198.641 -80.8108
F3_KNU1_A -39.737 174.324 -56.673
F3_KNU1_B -35.0718 152.889 -13.7536
F3_KNU2_A -42.9879 186.074 -82.3634
F3_KNU3_A -45.4219 193.312 -99.5338
F1_KNU1_A 9.49318 134.353 -44.2396
F1_KNU1_B 4.276 133.939 -9.26988
F1_KNU2_A 10.3847 132.17 -63.6558
F1_KNU3_A 9.78087 128.617 -80.5115
F2_KNU1_A -14.5923 161.72 -53.5364
F2_KNU1_B -13.6454 145.339 -11.9789
F2_KNU2_A -15.9816 170.553 -79.7558
F2_KNU3_A -17.379 175.73 -97.6538
TH_KNU1_A -74.3052 137.677 26.8111
TH_KNU1_B -46.0163 121.47 64.6112
TH_KNU2_A -91.2696 146.807 -1.31996
TH_KNU3_A -105.121 154.901 -18.3595
PALM_POSITION -30.7063 140.252 8.14601
PALM_NORMAL -0.299889 -0.914727 -0.270814
