F4_KNU1_A -67.7372 177.105 -49.0885
F4_KNU1_B -58.7552 154.478 -13.6892
F4_KNU2_A -73.0538 188.917 -69.4951
F4_KNU3_A -76.9737 196.666 -84.2091
F3_KNU1_A -41.9014 174.796 -58.8238
F3_KNU1_B -36.8066 153.034 -16.1189
F3_KNU2_A -45.6 185.99 -84.7014
F3_KNU3_A -48.4389 192.401 -102.137
F1_KNU1_A 4.95524 123.759 -40.9891
F1_KNU1_B 3.85362 138.211 -8.73703
F1_KNU2_A -0.142222 110.128 -54.0572
F1_KNU3_A -7.47269 96.2828 -61.2455
F2_KNU1_A -15.6522 163.724 -54.5361
F2_KNU1_B -14.8965 147.704 -12.8339
F2_KNU2_A -17.3833 170.872 -81.2439
F2_KNU3_A -19.2687 174.033 -99.5618
TH_KNU1_A -77.4316 138.436 24.0868
TH_KNU1_B -49.5862 122.153 62.1822
TH_KNU2_A -94.203 148.082 -3.98794
TH_KNU3_A -108.726 156.69 -20.1959
PALM_POSITION -32.6242 141.311 6.31872
PALM_NORMAL -0.190038 -0.945105 -0.265823
