F4_KNU1_A -70.223 178.608 -50.9412
F4_KNU1_B -61.5589 154.84 -16.2168
F4_KNU2_A -75.3738 190.932 -71.0856
F4_KNU3_A -79.1833 198.954 -85.6821
F3_KNU1_A -43.8401 176.84 -62.3695
F3_KNU1_B -39.7715 154.158 -20.0344
F3_KNU2_A -46.9276 188.468 -88.1354
F3_KNU3_A -49.3613 195.094 -105.551
F1_KNU1_A 5.25274 131.769 -49.9009
F1_KNU1_B 1.66191 140.282 -15.7703
F1_KNU2_A 1.48523 120.033 -65.0876
F1_KNU3_A -4.99708 106.805 -74.0367
F2_KNU1_A -17.8932 165.29 -60.0586
F2_KNU1_B -17.5612 149.364 -18.3152
F2_KNU2_A -19.3707 172.164 -86.8534
F2_KNU3_A -21.0885 175.017 -105.238
TH_KNU1_A -77.6515 137.046 22.2776
TH_KNU1_B -46.8172 119.758 57.522
TH_KNU2_A -95.3145 146.77 -5.21704
TH_KNU3_A -110.445 155.292 -20.9073
PALM_POSITION -33.8848 141.668 1.59159
PALM_NORMAL -0.179958 -0.93886 -0.293526
