F4_KNU1_A -72.2684 176.508 -49.0904
F4_KNU1_B -63.0074 155.08 -13.023
F4_KNU2_A -77.6474 187.63 -69.8646
F4_KNU3_A -81.5488 194.899 -84.8267
F3_KNU1_A -44.0319 177.868 -60.4586
F3_KNU1_B -41.3976 155.668 -17.7557
F3_KNU2_A -45.8475 190.16 -86.0367
F3_KNU3_A -47.1981 197.808 -103.149
F1_KNU1_A 1.41926 161.205 -46.5568
F1_KNU1_B 0.810139 143.743 -15.8165
F1_KNU2_A 1.2338 170.042 -64.0044
F1_KNU3_A 0.672849 177.185 -79.6815
F2_KNU1_A -20.4434 173.339 -56.3547
F2_KNU1_B -18.9259 151.938 -17.1633
F2_KNU2_A -21.6431 185.997 -80.9663
F2_KNU3_A -22.6052 194.167 -97.7415
TH_KNU1_A -69.3746 114.19 15.9193
TH_KNU1_B -43.4029 117.676 58.4056
TH_KNU2_A -81.233 109.645 -15.7229
TH_KNU3_A -93.7679 108.155 -35.4304
PALM_POSITION -33.9803 142.581 3.03018
PALM_NORMAL -0.146316 -0.933396 -0.327665
