F4_KNU1_A -64.796 139.482 -56.5736
F4_KNU1_B -60.4437 144.14 -14.0868
F4_KNU2_A -66.8375 130.906 -79.0791
F4_KNU3_A -67.9991 121.896 -93.5491
F3_KNU1_A -43.8612 171.493 -58.4769
F3_KNU1_B -38.7241 146.743 -17.4363
F3_KNU2_A -47.1505 185.002 -83.2822
F3_KNU3_A -49.4794 193.242 -100.01
F1_KNU1_A 4.18111 160.436 -40.2355
F1_KNU1_B 4.25987 140.538 -11.0064
F1_KNU2_A 3.60152 170.39 -57.0619
F1_KNU3_A 2.66062 178.277 -72.3595
F2_KNU1_A -19.551 170.694 -51.8772
F2_KNU1_B -16.1 145.951 -14.835
F2_KNU2_A -21.8963 185.434 -75.2147
F2_KNU3_A -23.6068 194.99 -91.1789
TH_KNU1_A -68.2054 114.856 20.6055
TH_KNU1_B -42.6746 119.773 63.2173
TH_KNU2_A -77.5217 108.586 -11.5878
TH_KNU3_A -84.0861 104.336 -33.6463
PALM_POSITION -31.6079 137.7 5.49726
PALM_NORMAL -0.0119539 -0.980799 -0.194654
