F4_KNU1_A -61.4526 140.376 -52.8922
F4_KNU1_B -55.7911 159.643 -14.9121
F4_KNU2_A -59.2907 116.85 -47.7887
F4_KNU3_A -56.2664 108.57 -33.1523
F3_KNU1_A -41.0142 188.123 -57.4782
F3_KNU1_B -33.9574 162.195 -17.4627
F3_KNU2_A -45.5955 201.749 -82.0132
F3_KNU3_A -48.8596 209.724 -98.713
F1_KNU1_A 8.99629 177.128 -38.0684
F1_KNU1_B 8.74767 154.202 -11.1493
F1_KNU2_A 8.79706 189.217 -53.4421
F1_KNU3_A 8.35295 199.382 -67.3553
F2_KNU1_A -15.0889 188.072 -49.5739
F2_KNU1_B -11.4146 160.546 -14.5731
F2_KNU2_A -17.5658 204.602 -71.6649
F2_KNU3_A -19.3585 215.413 -86.7978
TH_KNU1_A -59.4952 114.136 13.7444
TH_KNU1_B -40.1787 124.462 58.5998
TH_KNU2_A -63.8214 105.33 -18.909
TH_KNU3_A -54.7769 98.2731 -39.3084
PALM_POSITION -27.5173 149.921 4.12958
PALM_NORMAL -0.0269679 -0.944096 -0.328564
