F4_KNU1_A -82.5347 177.248 -19.2232
F4_KNU1_B -59.0405 184.929 15.9165
F4_KNU2_A -82.7981 153.086 -19.8332
F4_KNU3_A -75.9687 141.106 -9.74623
F3_KNU1_A -54.2283 222.981 -20.198
F3_KNU1_B -39.3408 185.25 5.83943
F3_KNU2_A -63.9785 244.145 -36.4977
F3_KNU3_A -70.966 257.447 -47.7834
F1_KNU1_A -4.07937 199.185 -27.1015
F1_KNU1_B -0.579007 169.777 -7.78377
F1_KNU2_A -6.60432 215.083 -38.2116
F1_KNU3_A -9.28601 228.785 -48.3199
F2_KNU1_A -30.7076 216.41 -23.1096
F2_KNU1_B -18.3464 179.609 -0.991956
F2_KNU2_A -38.8604 238.804 -37.2319
F2_KNU3_A -44.6491 253.644 -46.9964
TH_KNU1_A -69.526 134.891 34.8983
TH_KNU1_B -30.3818 123.417 63.6707
TH_KNU2_A -83.9765 138.972 4.28715
TH_KNU3_A -77.1461 136.758 -17.9878
PALM_POSITION -29.7477 165.145 18.5725
PALM_NORMAL -0.378943 -0.744127 -0.550161
