F4_KNU1_A -68.511 160.801 -31.609
F4_KNU1_B -49.1699 176.409 3.43494
F4_KNU2_A -67.1649 136.81 -28.9945
F4_KNU3_A -60.808 126.028 -17.365
F3_KNU1_A -44.459 212.771 -32.8673
F3_KNU1_B -28.6779 176.818 -4.91015
F3_KNU2_A -54.713 232.714 -50.3529
F3_KNU3_A -62.0212 245.098 -62.4512
F1_KNU1_A 14.8163 188.427 -37.1105
F1_KNU1_B 11.7984 162.197 -13.5915
F1_KNU2_A 16.0995 202.617 -50.5098
F1_KNU3_A 16.9212 214.857 -62.6187
F2_KNU1_A -14.943 207.438 -34.8916
F2_KNU1_B -6.92544 171.674 -9.33953
F2_KNU2_A -20.2649 229.264 -51.1007
F2_KNU3_A -24.0689 243.763 -62.2543
TH_KNU1_A -60.0369 127.431 27.2857
TH_KNU1_B -22.2228 121.272 59.2844
TH_KNU2_A -69.5834 126.821 -5.44053
TH_KNU3_A -63.2585 123.365 -27.7066
PALM_POSITION -19.387 158.537 10.5126
PALM_NORMAL -0.294641 -0.81163 -0.504423
