F4_KNU1_A -68.4814 162.152 -32.2329
F4_KNU1_B -49.4546 176.956 3.32826
F4_KNU2_A -67.0445 138.153 -29.7386
F4_KNU3_A -60.6626 127.584 -17.9291
F3_KNU1_A -43.6398 213.847 -32.8371
F3_KNU1_B -28.8789 177.526 -4.79849
F3_KNU2_A -53.3228 233.956 -50.4583
F3_KNU3_A -60.2736 246.408 -62.6961
F1_KNU1_A 14.8518 189.554 -36.4475
F1_KNU1_B 11.8037 163.227 -13.0411
F1_KNU2_A 16.0768 203.726 -49.8718
F1_KNU3_A 16.7866 215.886 -62.0676
F2_KNU1_A -16.1168 208.613 -33.766
F2_KNU1_B -7.03988 172.555 -8.99348
F2_KNU2_A -22.2257 230.489 -49.6255
F2_KNU3_A -26.6394 244.936 -60.6218
TH_KNU1_A -60.5961 128.633 27.7169
TH_KNU1_B -22.6612 122.06 59.4896
TH_KNU2_A -69.6188 128.177 -5.16005
TH_KNU3_A -63.509 124.926 -27.517
PALM_POSITION -19.606 159.327 10.7316
PALM_NORMAL -0.282718 -0.814191 -0.507114
