F4_KNU1_A -68.216 165.122 -32.8683
F4_KNU1_B -49.0317 179.001 2.98006
F4_KNU2_A -66.992 141.067 -30.8548
F4_KNU3_A -60.6567 130.315 -19.1846
F3_KNU1_A -43.341 215.662 -33.3156
F3_KNU1_B -28.4278 179.559 -5.07593
F3_KNU2_A -53.1238 235.607 -51.0673
F3_KNU3_A -60.144 247.931 -63.3948
F1_KNU1_A 15.2283 191.438 -36.7426
F1_KNU1_B 12.2718 165.234 -13.1869
F1_KNU2_A 16.3868 205.523 -50.2635
F1_KNU3_A 17.0266 217.592 -62.5533
F2_KNU1_A -15.5352 210.367 -34.3967
F2_KNU1_B -6.5784 174.574 -9.19884
F2_KNU2_A -21.5195 232.119 -50.4717
F2_KNU3_A -25.8181 246.511 -61.5847
TH_KNU1_A -60.007 130.95 27.0255
TH_KNU1_B -22.4728 124.055 59.2034
TH_KNU2_A -69.5062 130.857 -5.71993
TH_KNU3_A -64.0005 127.81 -28.2616
PALM_POSITION -19.2221 161.345 10.4761
PALM_NORMAL -0.281608 -0.813702 -0.508513
