F4_KNU1_A -57.5136 162.755 -41.7831
F4_KNU1_B -39.9459 183.369 -8.43315
F4_KNU2_A -57.3419 139.446 -35.3897
F4_KNU3_A -52.169 130.598 -21.7196
F3_KNU1_A -30.7194 210.164 -51.8144
F3_KNU1_B -18.7889 181.785 -14.7261
F3_KNU2_A -38.6715 225.363 -74.4943
F3_KNU3_A -44.4404 234.464 -89.8904
F1_KNU1_A 26.8056 184.062 -45.8598
F1_KNU1_B 21.8244 165.192 -16.3745
F1_KNU2_A 29.0328 193.894 -62.6205
F1_KNU3_A 30.5791 202.069 -77.7166
F2_KNU1_A -3.28955 204.165 -49.6728
F2_KNU1_B 3.10075 175.571 -15.9418
F2_KNU2_A -7.67512 221.336 -70.9648
F2_KNU3_A -10.8884 232.569 -85.5452
TH_KNU1_A -54.0456 139.958 23.5367
TH_KNU1_B -19.8166 140.753 59.8618
TH_KNU2_A -60.9497 132.567 -9.02416
TH_KNU3_A -51.3073 124.234 -28.6534
PALM_POSITION -11.4842 167.007 4.9367
PALM_NORMAL -0.27367 -0.8953 -0.351488
