F4_KNU1_A -56.2744 162.655 -42.0099
F4_KNU1_B -39.1953 185.13 -9.62258
F4_KNU2_A -56.4153 139.52 -35.0121
F4_KNU3_A -51.6579 130.655 -21.2027
F3_KNU1_A -29.6125 209.247 -54.5071
F3_KNU1_B -17.9717 183.272 -15.6089
F3_KNU2_A -37.3426 223.032 -78.147
F3_KNU3_A -42.9344 231.212 -94.1143
F1_KNU1_A 27.6772 183.687 -46.6509
F1_KNU1_B 22.644 166.611 -16.1
F1_KNU2_A 29.8796 192.43 -64.0077
F1_KNU3_A 31.3638 199.571 -79.6251
F2_KNU1_A -2.08298 203.253 -51.9707
F2_KNU1_B 3.92502 177.005 -16.317
F2_KNU2_A -6.23617 218.922 -74.4348
F2_KNU3_A -9.29387 229.117 -89.7912
TH_KNU1_A -52.9258 141.987 23.4209
TH_KNU1_B -19.8516 145.463 60.647
TH_KNU2_A -59.8814 133.007 -8.72696
TH_KNU3_A -49.684 123.764 -27.6562
PALM_POSITION -10.8953 169.345 4.74618
PALM_NORMAL -0.270506 -0.909401 -0.315936
