F4_KNU1_A -51.5471 192.473 -45.8261
F4_KNU1_B -38.9848 174.64 -8.81347
F4_KNU2_A -56.7506 185.485 -68.3716
F4_KNU3_A -57.837 172.173 -79.0269
F3_KNU1_A -25.5434 200.807 -53.2817
F3_KNU1_B -17.314 178.232 -11.4971
F3_KNU2_A -32.1327 194.921 -80.3108
F3_KNU3_A -35.8602 181.461 -92.8829
F1_KNU1_A 28.1267 195.834 -32.1968
F1_KNU1_B 25.7676 170.978 -7.15934
F1_KNU2_A 28.2517 207.263 -48.0685
F1_KNU3_A 27.4187 215.24 -63.3258
F2_KNU1_A 3.04009 186.432 -52.9389
F2_KNU1_B 5.33607 177.006 -9.32533
F2_KNU2_A 0.661919 187.338 -80.5237
F2_KNU3_A -1.40635 185.342 -98.9853
TH_KNU1_A -34.9421 128.643 11.679
TH_KNU1_B -20.3972 131.146 59.3649
TH_KNU2_A -36.7414 125.606 -22.2334
TH_KNU3_A -19.0273 121.565 -36.9849
PALM_POSITION -9.94111 163.596 8.2457
PALM_NORMAL -0.00600252 -0.896295 -0.443417
