F4_KNU1_A -58.9486 195.634 -50.5992
F4_KNU1_B -46.1439 177.137 -13.9976
F4_KNU2_A -64.2125 189.068 -73.2571
F4_KNU3_A -65.2781 175.963 -84.1683
F3_KNU1_A -33.3617 211.829 -52.5816
F3_KNU1_B -24.5026 180.892 -16.6978
F3_KNU2_A -40.2089 221.639 -78.3791
F3_KNU3_A -45.2434 222.439 -96.4665
F1_KNU1_A 19.3029 197.685 -38.7134
F1_KNU1_B 18.6323 173.776 -12.6709
F1_KNU2_A 18.9528 209.487 -54.3062
F1_KNU3_A 18.0828 218.684 -68.858
F2_KNU1_A -8.97136 184.71 -58.4655
F2_KNU1_B -1.83802 179.74 -14.6399
F2_KNU2_A -14.3453 181.167 -85.4093
F2_KNU3_A -18.3099 175.545 -102.781
TH_KNU1_A -39.918 130.606 5.06187
TH_KNU1_B -27.06 132.442 53.2601
TH_KNU2_A -40.1386 128.042 -28.9365
TH_KNU3_A -18.8066 124.307 -37.8089
PALM_POSITION -16.9758 165.918 2.73131
PALM_NORMAL -0.00328019 -0.887658 -0.460491
