F4_KNU1_A -63.5 201.494 -43.4654
F4_KNU1_B -50.0377 180.411 -8.53661
F4_KNU2_A -70.2476 203.011 -66.6252
F4_KNU3_A -73.7954 197.853 -82.5225
F3_KNU1_A -34.5487 209.961 -51.0836
F3_KNU1_B -28.3434 184.093 -10.8887
F3_KNU2_A -39.7561 213.366 -78.831
F3_KNU3_A -43.5359 208.706 -96.6392
F1_KNU1_A 14.6999 197.867 -35.785
F1_KNU1_B 14.6666 175.689 -8.24533
F1_KNU2_A 12.7439 205.828 -53.5427
F1_KNU3_A 9.66265 209.262 -70.1507
F2_KNU1_A -15.4191 158.938 -46.0602
F2_KNU1_B -5.69379 182.248 -9.20464
F2_KNU2_A -20.4476 131.873 -49.16
F2_KNU3_A -22.3739 114.409 -42.8054
TH_KNU1_A -42.6352 133.033 3.61678
TH_KNU1_B -31.4293 126.61 51.8344
TH_KNU2_A -42.777 136.071 -30.3428
TH_KNU3_A -25.2803 134.087 -45.7589
PALM_POSITION -20.995 166.471 6.25242
PALM_NORMAL -0.0235856 -0.81633 -0.577104
