F4_KNU1_A -72.6569 212.164 -51.7987
F4_KNU1_B -56.4798 192.733 -17.0638
F4_KNU2_A -81.8976 221.137 -72.251
F4_KNU3_A -88.4707 226.345 -87.1367
F3_KNU1_A -45.5414 222.521 -58.8194
F3_KNU1_B -34.7939 194.493 -21.1074
F3_KNU2_A -52.2971 237.822 -81.817
F3_KNU3_A -56.9795 247.235 -97.3929
F1_KNU1_A 4.97229 188.537 -56.9702
F1_KNU1_B 7.30663 182.098 -22.2807
F1_KNU2_A 2.01879 189.058 -76.2977
F1_KNU3_A -1.57194 187.611 -93.0941
F2_KNU1_A -19.5176 215.538 -57.6843
F2_KNU1_B -12.3568 190.524 -21.3628
F2_KNU2_A -24.4641 229.815 -80.9032
F2_KNU3_A -28.0725 238.743 -96.9145
TH_KNU1_A -55.3955 138.986 -6.69861
TH_KNU1_B -38.2414 135.355 40.0381
TH_KNU2_A -48.6953 138.014 -40.1153
TH_KNU3_A -26.5495 133.904 -46.4711
PALM_POSITION -27.7873 175.678 -5.13104
PALM_NORMAL -0.146526 -0.789843 -0.595549
