F4_KNU1_A -65.8009 202.054 -43.0757
F4_KNU1_B -55.8194 179.331 -8.00691
F4_KNU2_A -71.3953 212.498 -64.1431
F4_KNU3_A -75.293 218.283 -79.7397
F3_KNU1_A -39.4571 213.837 -50.975
F3_KNU1_B -34.8685 183.767 -13.5847
F3_KNU2_A -42.301 230.808 -73.6144
F3_KNU3_A -44.2642 241.527 -88.9242
F1_KNU1_A -1.84597 163.53 -41.7796
F1_KNU1_B 8.88842 180.334 -12.5795
F1_KNU2_A -7.44314 144.79 -41.9482
F1_KNU3_A -9.77918 130.612 -32.4269
F2_KNU1_A -9.83218 209.491 -50.5887
F2_KNU1_B -12.0926 184.476 -13.6372
F2_KNU2_A -8.67388 223.53 -74.4417
F2_KNU3_A -8.04846 232.039 -91.0638
TH_KNU1_A -40.0288 144.442 16.7722
TH_KNU1_B -27.4422 150.981 64.6323
TH_KNU2_A -34.9245 137.467 -16.2096
TH_KNU3_A -19.2344 131.649 -32.5711
PALM_POSITION -24.5033 173.69 7.61347
PALM_NORMAL 0.0293454 -0.962882 -0.268324
