F4_KNU1_A -66.2288 199.299 -39.457
F4_KNU1_B -56.8463 178.222 -3.21435
F4_KNU2_A -71.606 208.518 -61.1434
F4_KNU3_A -75.4215 213.244 -77.1128
F3_KNU1_A -40.7753 209.79 -48.0499
F3_KNU1_B -35.8381 181.445 -9.37912
F3_KNU2_A -43.8992 225.645 -71.4482
F3_KNU3_A -46.0934 235.565 -87.2576
F1_KNU1_A -1.84272 172.159 -42.7891
F1_KNU1_B 7.73944 176.124 -8.98474
F1_KNU2_A -9.48149 156.115 -50.9602
F1_KNU3_A -14.2388 139.998 -47.1228
F2_KNU1_A -10.5699 203.841 -48.2737
F2_KNU1_B -13.0586 181.137 -9.8732
F2_KNU2_A -9.40886 216.154 -73.062
F2_KNU3_A -8.86918 223.31 -90.3128
TH_KNU1_A -40.5032 144.346 22.4792
TH_KNU1_B -28.281 152.234 70.2302
TH_KNU2_A -39.5134 136.595 -10.709
TH_KNU3_A -28.9987 129.618 -30.419
PALM_POSITION -25.4989 171.967 12.1068
PALM_NORMAL -0.0179359 -0.97523 -0.220466
