F4_KNU1_A -66.8322 195.187 -41.668
F4_KNU1_B -55.7597 173.14 -6.49594
F4_KNU2_A -73.0581 205.465 -62.6395
F4_KNU3_A -77.4172 211.275 -78.1044
F3_KNU1_A -42.1157 206.117 -50.297
F3_KNU1_B -34.8281 177.579 -12.1431
F3_KNU2_A -46.5471 222.294 -73.2599
F3_KNU3_A -49.5563 232.562 -88.7085
F1_KNU1_A 3.86753 178.352 -45.545
F1_KNU1_B 8.95886 174.713 -10.744
F1_KNU2_A -2.44564 162.928 -55.7807
F1_KNU3_A -6.3141 146.811 -51.0485
F2_KNU1_A -14.2669 203.815 -48.8863
F2_KNU1_B -12.0621 178.555 -12.0983
F2_KNU2_A -15.8888 218.314 -72.4351
F2_KNU3_A -17.1418 227.333 -88.7503
TH_KNU1_A -39.2942 139.653 19.7364
TH_KNU1_B -27.5004 148.302 67.4633
TH_KNU2_A -40.7981 132.454 -13.5566
TH_KNU3_A -28.9863 126.108 -32.7385
PALM_POSITION -24.4765 168.553 9.53029
PALM_NORMAL 0.042192 -0.973185 -0.226123
