F4_KNU1_A -57.7243 203.065 -36.9238
F4_KNU1_B -47.5792 182.646 -0.51084
F4_KNU2_A -64.1676 205.163 -60.1249
F4_KNU3_A -68.5541 200.486 -75.9619
F3_KNU1_A -31.2024 212.724 -43.5965
F3_KNU1_B -25.9921 184.118 -5.15442
F3_KNU2_A -36.9052 220.92 -70.2225
F3_KNU3_A -41.8856 220.385 -88.3346
F1_KNU1_A 25.0227 189.778 -33.1509
F1_KNU1_B 16.7741 174.614 -2.29161
F1_KNU2_A 26.5023 191.725 -52.5562
F1_KNU3_A 25.2152 188.155 -69.37
F2_KNU1_A -5.6555 205.532 -41.91
F2_KNU1_B -3.35913 181.643 -4.22349
F2_KNU2_A -10.1016 211.721 -68.5432
F2_KNU3_A -14.6426 210.132 -86.5972
TH_KNU1_A -43.8596 146.282 26.4525
TH_KNU1_B -26.6129 150.588 73.0977
TH_KNU2_A -53.5892 142.588 -6.01598
TH_KNU3_A -55.4839 138.453 -28.9733
PALM_POSITION -18.0634 172.685 16.4046
PALM_NORMAL -0.0934843 -0.957466 -0.272981
