F4_KNU1_A -57.9327 210.639 -37.9828
F4_KNU1_B -48.9564 186.17 -3.82942
F4_KNU2_A -63.6134 216.256 -60.7947
F4_KNU3_A -67.5565 214.451 -77.3208
F3_KNU1_A -29.9297 218.639 -45.5649
F3_KNU1_B -27.3677 188.29 -8.20668
F3_KNU2_A -34.0199 226.291 -72.6453
F3_KNU3_A -37.9121 224.165 -90.9065
F1_KNU1_A 25.3237 198.29 -33.6282
F1_KNU1_B 15.5946 179.801 -5.10174
F1_KNU2_A 27.7157 201.742 -52.7309
F1_KNU3_A 27.0853 198.839 -69.7099
F2_KNU1_A -4.13322 213.556 -42.5371
F2_KNU1_B -4.68979 186.364 -7.0895
F2_KNU2_A -6.94669 220.475 -69.2132
F2_KNU3_A -10.5453 218.15 -87.3993
TH_KNU1_A -60.0945 161.615 32.0709
TH_KNU1_B -27.9315 152.969 69.2537
TH_KNU2_A -79.1699 166.235 4.19094
TH_KNU3_A -93.6897 170.036 -13.7661
PALM_POSITION -19.3707 176.569 13.1713
PALM_NORMAL -0.0663882 -0.952998 -0.295612
