F4_KNU1_A -56.3767 206.704 -36.834
F4_KNU1_B -48.3371 185.04 -0.615186
F4_KNU2_A -61.1292 203.732 -60.3454
F4_KNU3_A -63.4494 192.615 -73.1105
F3_KNU1_A -29.4944 209.88 -46.949
F3_KNU1_B -26.6603 187.172 -4.52712
F3_KNU2_A -34.598 203.487 -74.1835
F3_KNU3_A -38.574 189.19 -85.7132
F1_KNU1_A 21.9096 189.705 -33.5462
F1_KNU1_B 16.2394 178.808 -0.389125
F1_KNU2_A 18.0623 180.281 -50.2477
F1_KNU3_A 11.3302 165.071 -54.7691
F2_KNU1_A -3.72565 198.117 -45.6897
F2_KNU1_B -4.00913 185.307 -2.88669
F2_KNU2_A -9.04882 182.609 -68.0184
F2_KNU3_A -13.6573 164.784 -71.1994
TH_KNU1_A -59.1697 158.852 34.0341
TH_KNU1_B -28.8829 152.521 73.2054
TH_KNU2_A -73.7666 160.615 3.27155
TH_KNU3_A -84.082 161.945 -17.694
PALM_POSITION -19.119 175.654 17.1253
PALM_NORMAL -0.0577689 -0.955667 -0.288729
