F4_KNU1_A -57.2347 208.692 -37.3146
F4_KNU1_B -48.2386 185.95 -1.99259
F4_KNU2_A -60.8932 199.733 -59.4633
F4_KNU3_A -60.7439 183.766 -65.5418
F3_KNU1_A -29.6348 214.729 -46.088
F3_KNU1_B -26.6028 189.207 -5.31152
F3_KNU2_A -34.4057 204.105 -72.0304
F3_KNU3_A -37.1107 186.501 -78.0226
F1_KNU1_A 23.6389 188.769 -35.0606
F1_KNU1_B 16.5202 182.148 -1.06421
F1_KNU2_A 19.7031 175.888 -49.2428
F1_KNU3_A 12.7733 160.108 -49.5327
F2_KNU1_A -3.62133 198.841 -46.7638
F2_KNU1_B -3.92456 188.065 -3.40407
F2_KNU2_A -8.36565 180.005 -66.5152
F2_KNU3_A -12.1067 161.706 -66.0224
TH_KNU1_A -59.3308 154.893 30.4515
TH_KNU1_B -28.6877 148.243 69.2915
TH_KNU2_A -73.7399 157.408 -0.347258
TH_KNU3_A -75.3629 156.72 -23.6844
PALM_POSITION -18.9577 176.245 15.4703
PALM_NORMAL -0.0160103 -0.930283 -0.366493
