F4_KNU1_A -55.6019 205.036 -38.824
F4_KNU1_B -46.4004 187.123 -0.873459
F4_KNU2_A -57.2569 188.88 -56.7256
F4_KNU3_A -54.9946 172.095 -54.4722
F3_KNU1_A -28.6727 210.746 -47.997
F3_KNU1_B -24.8593 190.928 -4.22505
F3_KNU2_A -32.9167 191.011 -68.026
F3_KNU3_A -33.9826 172.71 -63.8957
F1_KNU1_A 26.306 180.199 -34.7695
F1_KNU1_B 18.425 184.555 -0.576019
F1_KNU2_A 19.9919 163.073 -41.7974
F1_KNU3_A 11.4604 150.048 -34.4043
F2_KNU1_A -4.62706 188.026 -47.0923
F2_KNU1_B -2.14832 190.157 -2.53244
F2_KNU2_A -9.83993 162.401 -56.2346
F2_KNU3_A -12.4165 146.317 -47.0819
TH_KNU1_A -59.0702 153.294 32.2919
TH_KNU1_B -25.5429 147.084 68.7492
TH_KNU2_A -71.6132 154.877 0.626885
TH_KNU3_A -66.9605 152.87 -22.2216
PALM_POSITION -16.7958 177.326 15.9817
PALM_NORMAL -0.00111166 -0.91559 -0.402112
