F4_KNU1_A -55.8155 199.769 -41.2635
F4_KNU1_B -46.0145 187.521 -1.26711
F4_KNU2_A -56.4748 179.087 -53.755
F4_KNU3_A -53.2594 164.508 -45.4468
F3_KNU1_A -30.9205 205.052 -49.9669
F3_KNU1_B -24.3633 190.896 -4.36136
F3_KNU2_A -35.4992 180.372 -63.3282
F3_KNU3_A -35.0913 164.891 -52.6834
F1_KNU1_A 23.2047 171.359 -32.6951
F1_KNU1_B 18.7456 183.867 0.0758549
F1_KNU2_A 14.0761 154.091 -31.6753
F1_KNU3_A 5.97397 146.867 -18.2864
F2_KNU1_A -6.33909 176.63 -44.7545
F2_KNU1_B -1.69695 189.776 -2.30548
F2_KNU2_A -11.6191 149.594 -41.8276
F2_KNU3_A -12.8749 139.613 -26.0832
TH_KNU1_A -59.0983 150.122 31.3306
TH_KNU1_B -26.8948 148.525 69.4377
TH_KNU2_A -69.1134 148.148 -1.20106
TH_KNU3_A -56.7916 143.485 -20.5441
PALM_POSITION -16.8387 177.562 16.2291
PALM_NORMAL -0.0107748 -0.923233 -0.384089
