F4_KNU1_A -59.0046 200.033 -43.3349
F4_KNU1_B -46.7938 190.006 -3.3834
F4_KNU2_A -58.7102 176.997 -50.6471
F4_KNU3_A -54.0699 166.716 -37.814
F3_KNU1_A -32.5232 204.405 -52.1967
F3_KNU1_B -25.0183 192.978 -5.97567
F3_KNU2_A -36.6893 177.289 -59.6802
F3_KNU3_A -35.0171 166.091 -44.682
F1_KNU1_A 17.1963 168.853 -31.8575
F1_KNU1_B 17.8399 185.188 -0.503788
F1_KNU2_A 7.89349 152.392 -26.856
F1_KNU3_A 1.64716 146.979 -11.7299
F2_KNU1_A -8.94683 171.609 -42.8781
F2_KNU1_B -2.43053 191.456 -3.38284
F2_KNU2_A -13.9162 145.667 -34.5276
F2_KNU3_A -14.472 138.217 -17.402
TH_KNU1_A -58.7167 148.969 27.039
TH_KNU1_B -30.0523 150.897 67.8606
TH_KNU2_A -65.7344 144.656 -6.04663
TH_KNU3_A -52.7614 139.338 -24.7856
PALM_POSITION -18.2229 179.578 14.8234
PALM_NORMAL -0.0184621 -0.924114 -0.38167
