F4_KNU1_A -57.7222 201.723 -44.4561
F4_KNU1_B -45.5202 191.12 -4.65091
F4_KNU2_A -58.0672 178.595 -51.4678
F4_KNU3_A -53.5788 168.601 -38.3568
F3_KNU1_A -31.6677 204.304 -52.9244
F3_KNU1_B -23.591 193.272 -6.70368
F3_KNU2_A -36.5225 177.023 -59.3128
F3_KNU3_A -34.6995 166.529 -43.8306
F1_KNU1_A 12.7458 163.501 -28.4421
F1_KNU1_B 18.7962 183.876 -0.183869
F1_KNU2_A 3.8792 148.42 -19.6972
F1_KNU3_A -0.502048 144.466 -3.50223
F2_KNU1_A -9.76947 163.913 -38.1032
F2_KNU1_B -1.14723 190.902 -3.55644
F2_KNU2_A -14.7401 140.261 -24.5648
F2_KNU3_A -14.9473 135.07 -6.61754
TH_KNU1_A -57.6056 147.928 24.233
TH_KNU1_B -32.0213 151.42 66.9532
TH_KNU2_A -63.0498 142.522 -8.98815
TH_KNU3_A -49.7239 136.509 -27.2635
PALM_POSITION -17.8188 179.628 14.246
PALM_NORMAL -0.0437699 -0.922821 -0.382734
