F4_KNU1_A -53.6414 206.396 -41.5454
F4_KNU1_B -42.8858 193.427 -2.02456
F4_KNU2_A -53.0996 183.794 -50.0928
F4_KNU3_A -48.9266 172.993 -37.5293
F3_KNU1_A -28.9817 210.102 -48.2479
F3_KNU1_B -20.9367 196.135 -2.82223
F3_KNU2_A -32.8696 183.182 -56.5458
F3_KNU3_A -30.8394 171.661 -41.8392
F1_KNU1_A 13.7823 165.628 -21.998
F1_KNU1_B 21.2861 187.077 5.09306
F1_KNU2_A 5.84378 149.834 -13.6276
F1_KNU3_A 1.65592 143.567 1.87359
F2_KNU1_A -6.03295 164.775 -31.755
F2_KNU1_B 1.37665 193.959 1.25528
F2_KNU2_A -10.8306 140.663 -18.9884
F2_KNU3_A -11.8395 133.378 -1.81255
TH_KNU1_A -53.8248 147.156 22.2228
TH_KNU1_B -31.9711 148.796 67.0725
TH_KNU2_A -56.4649 143.649 -11.589
TH_KNU3_A -42.6112 139.237 -29.9286
PALM_POSITION -15.8778 181.088 17.3364
PALM_NORMAL -0.00467275 -0.892622 -0.450781
