F4_KNU1_A -41.6047 206.632 -40.1787
F4_KNU1_B -35.5822 193.194 0.181201
F4_KNU2_A -44.3618 184.022 -48.2664
F4_KNU3_A -42.8342 173.018 -35.2858
F3_KNU1_A -25.0964 166.39 -38.2482
F3_KNU1_B -13.4859 192.147 0.804054
F3_KNU2_A -29.8245 141.95 -24.5013
F3_KNU3_A -28.8537 137.109 -6.36974
F1_KNU1_A 11.2535 151.327 -8.55792
F1_KNU1_B 26.004 176.319 11.6439
F1_KNU2_A 1.98117 136.31 -0.128143
F1_KNU3_A -3.68163 127.418 13.5085
F2_KNU1_A -5.92717 150.701 -16.7622
F2_KNU1_B 7.83284 186.352 6.38818
F2_KNU2_A -14.9303 128.231 -3.29199
F2_KNU3_A -18.89 118.636 12.2434
TH_KNU1_A -53.9476 146.337 23.7283
TH_KNU1_B -36.7731 149.176 70.5123
TH_KNU2_A -57.4523 141.502 -9.84035
TH_KNU3_A -43.1513 133.968 -26.7648
PALM_POSITION -12.3334 176.993 21.4777
PALM_NORMAL -0.127661 -0.890521 -0.436663
