F4_KNU1_A -49.991 163.415 -35.8942
F4_KNU1_B -40.5188 189.539 -3.12862
F4_KNU2_A -49.7482 139.831 -30.6056
F4_KNU3_A -47.0937 128.587 -18.0183
F3_KNU1_A -30.9494 159.993 -40.5034
F3_KNU1_B -18.4173 189.019 -4.1208
F3_KNU2_A -36.793 133.311 -32.5946
F3_KNU3_A -37.717 121.883 -17.7056
F1_KNU1_A 15.4867 155.389 -24.4026
F1_KNU1_B 22.1677 174.657 4.48364
F1_KNU2_A 4.32031 139.582 -21.5792
F1_KNU3_A -4.26934 130.543 -9.67877
F2_KNU1_A -7.09478 159.214 -35.5416
F2_KNU1_B 3.40088 183.998 0.121563
F2_KNU2_A -16.2846 133.695 -29.9095
F2_KNU3_A -20.091 121.916 -15.914
TH_KNU1_A -60.4675 143.66 26.4035
TH_KNU1_B -35.3436 149.171 69.1842
TH_KNU2_A -63.2744 135.205 -6.50772
TH_KNU3_A -43.4808 127.432 -16.2813
PALM_POSITION -15.3402 174.976 17.1318
PALM_NORMAL -0.136334 -0.914383 -0.381204
