F4_KNU1_A -54.1456 157.67 -47.7341
F4_KNU1_B -42.4635 178.584 -12.0705
F4_KNU2_A -52.8283 134.771 -40.1105
F4_KNU3_A -48.4399 128.751 -24.7346
F3_KNU1_A -27.7971 156.538 -55.1221
F3_KNU1_B -20.353 178.727 -12.985
F3_KNU2_A -33.7607 130.148 -46.3692
F3_KNU3_A -34.5086 123.502 -28.8076
F1_KNU1_A 28.396 149.433 -31.7171
F1_KNU1_B 20.6838 167.399 -2.25534
F1_KNU2_A 19.0212 132.457 -34.2677
F1_KNU3_A 7.32334 122.928 -25.9342
F2_KNU1_A -1.00754 155.38 -47.9574
F2_KNU1_B 1.61172 175.241 -8.02074
F2_KNU2_A -9.89642 129.146 -47.5124
F2_KNU3_A -15.4008 116.691 -34.7191
TH_KNU1_A -66.9363 141.198 27.4472
TH_KNU1_B -36.1877 150.326 65.6958
TH_KNU2_A -66.85 127.569 -3.80595
TH_KNU3_A -51.1365 117.557 -17.9685
PALM_POSITION -16.8742 168.329 10.2126
PALM_NORMAL -0.101038 -0.967392 -0.232258
