F4_KNU1_A -56.4218 163.842 -55.7258
F4_KNU1_B -45.414 169.18 -14.5421
F4_KNU2_A -57.6254 140.495 -61.8644
F4_KNU3_A -54.698 126.86 -51.9936
F3_KNU1_A -25.2475 166.175 -64.2065
F3_KNU1_B -23.4435 171.165 -16.2991
F3_KNU2_A -29.5865 139.302 -72.4302
F3_KNU3_A -31.7134 124.068 -61.6339
F1_KNU1_A 33.6225 152.121 -35.9665
F1_KNU1_B 18.753 164.32 -6.29602
F1_KNU2_A 31.2058 134.696 -44.515
F1_KNU3_A 22.8073 119.74 -42.8067
F2_KNU1_A 2.34375 158.324 -54.9055
F2_KNU1_B -1.1123 169.999 -11.917
F2_KNU2_A -2.06044 133.061 -65.3837
F2_KNU3_A -6.87263 115.847 -59.9422
TH_KNU1_A -67.445 138.758 28.7019
TH_KNU1_B -34.2387 147.813 64.8559
TH_KNU2_A -68.6165 125.242 -2.57851
TH_KNU3_A -55.7217 115.213 -19.3378
PALM_POSITION -18.3345 162.975 7.47443
PALM_NORMAL -0.0213575 -0.987838 -0.154014
