F4_KNU1_A -56.22 166.279 -58.4999
F4_KNU1_B -47.4136 165.323 -16.4606
F4_KNU2_A -58.7452 147.205 -73.1291
F4_KNU3_A -57.9705 130.198 -71.683
F3_KNU1_A -25.696 167.832 -66.6828
F3_KNU1_B -25.4888 167.546 -18.4837
F3_KNU2_A -28.9651 145.488 -83.9649
F3_KNU3_A -31.5929 126.962 -82.2256
F1_KNU1_A 32.3837 149.986 -38.5276
F1_KNU1_B 16.8918 161.348 -8.84289
F1_KNU2_A 33.2616 134.231 -50.083
F1_KNU3_A 28.5756 118.087 -53.8963
F2_KNU1_A 1.02408 156.577 -57.6477
F2_KNU1_B -3.09959 166.709 -14.3279
F2_KNU2_A -1.18771 134.978 -74.8523
F2_KNU3_A -4.71534 116.875 -77.8405
TH_KNU1_A -70.0338 138.416 28.0725
TH_KNU1_B -35.134 145.228 63.1062
TH_KNU2_A -76.0933 126.726 -3.37793
TH_KNU3_A -69.9875 116.943 -23.7433
PALM_POSITION -20.0277 159.758 5.34663
PALM_NORMAL -0.0110554 -0.990123 -0.139765
