F4_KNU1_A -57.3065 168.103 -60.1914
F4_KNU1_B -48.4769 164.9 -18.2684
F4_KNU2_A -60.37 151.412 -77.4025
F4_KNU3_A -60.3187 134.481 -79.6911
F3_KNU1_A -26.5117 169.035 -68.3448
F3_KNU1_B -26.5367 167.065 -20.1847
F3_KNU2_A -29.6529 148.738 -88.0115
F3_KNU3_A -32.4276 130.215 -89.5439
F1_KNU1_A 31.7232 150.382 -40.925
F1_KNU1_B 15.7985 160.087 -10.8836
F1_KNU2_A 33.3743 135.804 -53.8592
F1_KNU3_A 29.5884 120.063 -59.775
F2_KNU1_A 0.220305 157.9 -59.8311
F2_KNU1_B -4.15406 165.86 -16.0844
F2_KNU2_A -1.70748 137.986 -78.9917
F2_KNU3_A -5.07394 120.383 -84.2701
TH_KNU1_A -72.2193 137.055 25.6694
TH_KNU1_B -36.3413 140.733 60.1803
TH_KNU2_A -81.9818 128.387 -5.82781
TH_KNU3_A -91.0246 123.209 -26.7835
PALM_POSITION -21.1314 158.047 3.22092
PALM_NORMAL -0.018127 -0.981717 -0.189479
