F4_KNU1_A -60.4131 174.807 -53.3897
F4_KNU1_B -50.6202 168.82 -15.1124
F4_KNU2_A -65.7758 173.274 -75.1687
F4_KNU3_A -69.3543 169.46 -90.1758
F3_KNU1_A -31.1962 179.42 -61.0679
F3_KNU1_B -30.2162 170.659 -17.1101
F3_KNU2_A -32.9124 177.861 -87.416
F3_KNU3_A -34.6038 173.255 -104.192
F1_KNU1_A 24.8116 163.562 -39.1869
F1_KNU1_B 9.18623 162.398 -10.27
F1_KNU2_A 31.4402 160.181 -55.7879
F1_KNU3_A 35.589 154.48 -70.187
F2_KNU1_A -5.64943 175.204 -54.8343
F2_KNU1_B -9.35037 168.679 -13.9586
F2_KNU2_A -5.01936 172.854 -80.486
F2_KNU3_A -5.52075 167.865 -97.1256
TH_KNU1_A -74.2101 144.683 25.7515
TH_KNU1_B -38.2847 137.151 54.1843
TH_KNU2_A -92.6685 147.132 0.0793402
TH_KNU3_A -108.268 150.075 -14.8157
PALM_POSITION -24.9129 159.511 3.31556
PALM_NORMAL -0.0432491 -0.94965 -0.310313
