F4_KNU1_A -61.4457 188.82 -62.2931
F4_KNU1_B -51.0112 170.719 -26.822
F4_KNU2_A -68.4338 195.094 -83.4638
F4_KNU3_A -73.9566 196.842 -98.7763
F3_KNU1_A -33.3769 191.708 -71.5837
F3_KNU1_B -30.3895 169.026 -31.4622
F3_KNU2_A -36.5882 201.998 -96.6088
F3_KNU3_A -39.584 206.744 -113.719
F1_KNU1_A 21.0174 158.849 -58.6776
F1_KNU1_B 9.49101 156.434 -26.9086
F1_KNU2_A 24.2378 154.737 -76.6766
F1_KNU3_A 24.388 147.259 -91.4026
F2_KNU1_A -3.6812 167.742 -72.4615
F2_KNU1_B -9.04501 164.631 -30.1004
F2_KNU2_A -3.41291 162.026 -98.3818
F2_KNU3_A -5.01548 154.042 -114.326
TH_KNU1_A -68.2519 162.123 17.8393
TH_KNU1_B -32.6811 153.05 48.5028
TH_KNU2_A -89.4374 165.328 -6.82407
TH_KNU3_A -107.517 171.208 -18.7178
PALM_POSITION -23.5174 161.765 -9.00005
PALM_NORMAL -0.196763 -0.977835 -0.0715793
