F4_KNU1_A -55.5843 177.188 -41.265
F4_KNU1_B -45.1392 159.811 -6.82951
F4_KNU2_A -61.7059 185.141 -61.3826
F4_KNU3_A -66.1536 189.635 -75.9627
F3_KNU1_A -27.0272 179.595 -49.9294
F3_KNU1_B -24.7407 160.245 -9.55151
F3_KNU2_A -29.1326 188.447 -74.7648
F3_KNU3_A -30.9377 192.798 -91.5976
F1_KNU1_A 27.1739 157.394 -33.952
F1_KNU1_B 14.0984 148.43 -5.13607
F1_KNU2_A 33.386 160.447 -50.7764
F1_KNU3_A 38.0339 161.689 -66.0702
F2_KNU1_A -2.21452 174.642 -44.7852
F2_KNU1_B -3.99875 156.407 -7.48352
F2_KNU2_A -1.96121 183.676 -68.915
F2_KNU3_A -2.28422 188.407 -85.6342
TH_KNU1_A -67.7237 137.607 32.9698
TH_KNU1_B -32.8402 121.447 59.0038
TH_KNU2_A -87.9148 147.017 10.3965
TH_KNU3_A -103.335 154.176 -3.19939
PALM_POSITION -19.5998 147.008 9.63066
PALM_NORMAL -0.130528 -0.913315 -0.38577
