F4_KNU1_A -58.7457 180.996 -31.244
F4_KNU1_B -48.8726 150.058 -7.95789
F4_KNU2_A -64.7305 196.792 -46.0795
F4_KNU3_A -69.192 206.833 -57.5613
F3_KNU1_A -30.6882 186.996 -35.5217
F3_KNU1_B -28.3582 150.498 -9.58942
F3_KNU2_A -32.9573 206.743 -52.972
F3_KNU3_A -34.978 218.581 -65.6727
F1_KNU1_A 21.9491 160.084 -26.4785
F1_KNU1_B 9.94432 136.613 -6.81423
F1_KNU2_A 27.7956 171.987 -38.9327
F1_KNU3_A 32.2632 181.507 -51.0349
F2_KNU1_A -5.28574 179.745 -31.1981
F2_KNU1_B -7.83472 145.542 -7.7293
F2_KNU2_A -4.47765 199.701 -47.4774
F2_KNU3_A -4.41218 212.3 -59.4477
TH_KNU1_A -72.6253 122.363 25.6744
TH_KNU1_B -40.741 95.2445 45.7679
TH_KNU2_A -89.8543 140.498 6.1796
TH_KNU3_A -102.73 153.103 -6.03616
PALM_POSITION -24.4784 132.49 5.58434
PALM_NORMAL -0.130637 -0.77367 -0.619975
