F4_KNU1_A -55.886 190.752 -35.882
F4_KNU1_B -46.2597 157.884 -15.2921
F4_KNU2_A -61.7322 207.729 -49.4111
F4_KNU3_A -66.1004 218.609 -60.1399
F3_KNU1_A -28.3196 197.125 -39.3854
F3_KNU1_B -25.7189 158.812 -16.2459
F3_KNU2_A -30.7313 218.01 -55.4347
F3_KNU3_A -32.8468 230.584 -67.3904
F1_KNU1_A 23.0148 172.122 -28.995
F1_KNU1_B 12.8004 145.992 -11.8319
F1_KNU2_A 27.8348 185.454 -40.3969
F1_KNU3_A 31.3457 196.117 -51.8436
F2_KNU1_A -2.81303 190.313 -34.4129
F2_KNU1_B -5.15387 154.435 -13.572
F2_KNU2_A -2.18541 211.221 -49.4603
F2_KNU3_A -2.28684 224.341 -60.8559
TH_KNU1_A -69.7367 131.997 19.1189
TH_KNU1_B -38.6054 104.653 40.0692
TH_KNU2_A -86.2449 150.329 -0.810896
TH_KNU3_A -98.7449 163.068 -13.2743
PALM_POSITION -21.9124 141.293 -0.492119
PALM_NORMAL -0.0900715 -0.791966 -0.603885
