F4_KNU1_A -56.636 171.127 -58.8958
F4_KNU1_B -47.6353 151.696 -25.1568
F4_KNU2_A -62.1375 179.806 -78.8921
F4_KNU3_A -66.2632 184.444 -93.5216
F3_KNU1_A -27.1777 173.436 -65.1908
F3_KNU1_B -27.0774 151.399 -26.1479
F3_KNU2_A -28.1329 183.701 -89.549
F3_KNU3_A -29.2923 188.763 -106.239
F1_KNU1_A 23.7187 152.792 -44.0581
F1_KNU1_B 10.9135 139.777 -16.7025
F1_KNU2_A 29.8303 157.949 -60.399
F1_KNU3_A 34.3605 160.808 -75.5102
F2_KNU1_A -2.23071 168.322 -57.4977
F2_KNU1_B -6.69454 147.592 -21.7563
F2_KNU2_A -0.421898 178.681 -81.021
F2_KNU3_A 0.196412 184.059 -97.5355
TH_KNU1_A -73.6227 139.805 16.7244
TH_KNU1_B -41.9151 123.477 46.4533
TH_KNU2_A -91.3145 148.647 -8.06629
TH_KNU3_A -105.276 155.771 -23.1726
PALM_POSITION -23.9176 141.117 -4.84299
PALM_NORMAL -0.123943 -0.958777 -0.255703
