F4_KNU1_A -60.9084 164.572 -63.8287
F4_KNU1_B -50.8068 154.207 -26.5804
F4_KNU2_A -66.9161 168.397 -85.1527
F4_KNU3_A -71.3354 169.831 -100.35
F3_KNU1_A -30.6592 165.171 -71.0355
F3_KNU1_B -30.2532 153.884 -27.6481
F3_KNU2_A -31.6349 169.245 -97.1515
F3_KNU3_A -32.7055 170.397 -114.56
F1_KNU1_A 21.332 148.845 -46.1969
F1_KNU1_B 7.8898 144.483 -16.4989
F1_KNU2_A 27.8406 149.139 -63.1827
F1_KNU3_A 32.7848 147.769 -78.3723
F2_KNU1_A -5.33808 160.517 -63.0078
F2_KNU1_B -9.81347 151.103 -22.778
F2_KNU2_A -3.46362 163.657 -88.5139
F2_KNU3_A -2.74823 164.146 -105.871
TH_KNU1_A -77.309 149.844 17.7784
TH_KNU1_B -44.434 139.701 48.9578
TH_KNU2_A -95.5082 153.421 -7.94612
TH_KNU3_A -111.016 158.258 -22.437
PALM_POSITION -26.883 147.726 -4.83781
PALM_NORMAL -0.117152 -0.99036 -0.0739146
