F4_KNU1_A -56.4491 107.309 -45.5821
F4_KNU1_B -49.0495 132.64 -15.5743
F4_KNU2_A -60.5437 91.2963 -60.8229
F4_KNU3_A -63.374 79.0558 -70.5551
F3_KNU1_A -25.42 106.935 -52.553
F3_KNU1_B -28.5741 134.141 -17.0583
F3_KNU2_A -24.0067 88.4221 -71.3914
F3_KNU3_A -23.33 74.9749 -82.5377
F1_KNU1_A 22.8981 120.512 -28.3475
F1_KNU1_B 9.90002 138.524 -4.09251
F1_KNU2_A 29.4879 109.045 -40.8393
F1_KNU3_A 34.8069 97.9133 -51.079
F2_KNU1_A -0.912239 111.52 -43.9951
F2_KNU1_B -8.17562 137.514 -12.3938
F2_KNU2_A 2.90654 92.9819 -61.4788
F2_KNU3_A 5.07025 79.2853 -71.9547
TH_KNU1_A -77.4433 153.905 23.611
TH_KNU1_B -44.2411 170.19 51.6857
TH_KNU2_A -97.4697 139.828 3.44815
TH_KNU3_A -115.545 135.952 -8.0477
PALM_POSITION -25.4784 144.292 4.31854
PALM_NORMAL 0.00356255 -0.817646 0.57571
