F4_KNU1_A -58.5259 156.261 -63.1485
F4_KNU1_B -47.926 154.549 -24.6568
F4_KNU2_A -65.121 152.11 -84.2368
F4_KNU3_A -69.974 146.032 -98.0955
F3_KNU1_A -28.0861 156.424 -71.9229
F3_KNU1_B -27.4938 154.339 -27.142
F3_KNU2_A -29.9745 151.148 -97.7724
F3_KNU3_A -32.0863 143.909 -113.541
F1_KNU1_A 20.4641 150.608 -48.2783
F1_KNU1_B 11.6759 149.629 -16.6002
F1_KNU2_A 23.3486 146.337 -65.7255
F1_KNU3_A 24.1288 138.987 -79.9531
F2_KNU1_A -3.71645 155.676 -64.6336
F2_KNU1_B -6.67485 153.621 -23.2316
F2_KNU2_A -3.86862 150.177 -89.8063
F2_KNU3_A -5.19501 142.517 -105.35
TH_KNU1_A -70.8856 163.374 20.4228
TH_KNU1_B -35.9349 164.179 50.9775
TH_KNU2_A -92.0229 159.75 -2.94051
TH_KNU3_A -110.026 161.683 -15.0246
PALM_POSITION -22.3546 155.587 -3.86918
PALM_NORMAL -0.0788129 -0.967099 0.241884
