F4_KNU1_A -55.7221 171.025 -64.8288
F4_KNU1_B -44.6147 163.136 -27.2617
F4_KNU2_A -62.7722 172.88 -86.096
F4_KNU3_A -68.1886 172.592 -101.034
F3_KNU1_A -26.1376 164.271 -74.2214
F3_KNU1_B -24.5054 159.465 -29.6763
F3_KNU2_A -28.6384 163.691 -100.546
F3_KNU3_A -31.1431 161.362 -117.688
F1_KNU1_A 21.1938 143.816 -52.275
F1_KNU1_B 12.4071 144.549 -20.5898
F1_KNU2_A 23.5614 139.951 -69.8938
F1_KNU3_A 23.692 134.102 -84.8207
F2_KNU1_A -2.47401 157.37 -67.3762
F2_KNU1_B -4.45236 153.648 -26.0321
F2_KNU2_A -3.66055 155.103 -93.0157
F2_KNU3_A -5.84001 150.96 -109.752
TH_KNU1_A -68.1829 164.304 18.6996
TH_KNU1_B -34.9896 151.127 48.3704
TH_KNU2_A -89.1221 171.026 -4.15065
TH_KNU3_A -105.622 178.639 -16.1374
PALM_POSITION -20.455 153.852 -6.83581
PALM_NORMAL -0.276693 -0.960894 -0.0111078
