F4_KNU1_A -27.6226 183.473 -64.2222
F4_KNU1_B -23.4141 172.942 -25.904
F4_KNU2_A -34.9601 184.973 -85.42
F4_KNU3_A -42.8202 183.252 -99.1246
F3_KNU1_A -4.85486 166.365 -72.2098
F3_KNU1_B -8.59911 158.833 -28.1727
F3_KNU2_A -7.26841 167.923 -98.5032
F3_KNU3_A -11.5166 167.225 -115.444
F1_KNU1_A 16.5462 126.154 -51.5372
F1_KNU1_B 14.1318 126.247 -18.737
F1_KNU2_A 12.7267 124.212 -69.2179
F1_KNU3_A 5.81059 121.233 -83.372
F2_KNU1_A 9.00243 148.367 -65.3809
F2_KNU1_B 5.00037 143.029 -24.3616
F2_KNU2_A 6.64058 149.079 -91.0294
F2_KNU3_A 2.24384 148.005 -107.808
TH_KNU1_A -44.6436 181.287 16.4776
TH_KNU1_B -21.8624 158.483 49.8958
TH_KNU2_A -59.9729 194.938 -7.69751
TH_KNU3_A -70.5212 204.499 -24.1653
PALM_POSITION -8.26043 152.179 -5.25536
PALM_NORMAL -0.757636 -0.65267 -0.00296421
