F4_KNU1_A -33.5501 184.99 -59.112
F4_KNU1_B -22.1375 174.618 -22.2464
F4_KNU2_A -51.4612 175.723 -69.0501
F4_KNU3_A -61.9886 164.729 -64.4834
F3_KNU1_A -2.39793 176.478 -67.9074
F3_KNU1_B -8.11658 160.172 -26.538
F3_KNU2_A -10.2537 179.957 -92.9231
F3_KNU3_A -21.1589 178.084 -106.454
F1_KNU1_A 17.0767 132.752 -53.508
F1_KNU1_B 12.968 125.539 -21.6838
F1_KNU2_A 10.1294 133.725 -70.2935
F1_KNU3_A -1.61718 132.087 -81.0816
F2_KNU1_A 12.2527 154.509 -64.2947
F2_KNU1_B 4.67175 143.34 -24.9897
F2_KNU2_A 5.80803 156.147 -89.1887
F2_KNU3_A -4.49103 153.804 -102.99
TH_KNU1_A -43.6494 165.955 13.8966
TH_KNU1_B -20.4694 150.639 51.0975
TH_KNU2_A -57.9532 170.541 -14.0344
TH_KNU3_A -67.8958 174.099 -33.0701
PALM_POSITION -7.8632 150.668 -4.64742
PALM_NORMAL -0.791068 -0.607585 -0.0710758
