F4_KNU1_A -55.444 152.526 -57.6439
F4_KNU1_B -49.5747 167.547 -19.616
F4_KNU2_A -58.4137 141.143 -77.6851
F4_KNU3_A -60.3168 131.69 -90.9842
F3_KNU1_A -34.7579 177.764 -68.8873
F3_KNU1_B -28.8006 169.797 -23.6254
F3_KNU2_A -38.5487 180.703 -95.8035
F3_KNU3_A -41.2039 181.625 -113.651
F1_KNU1_A 15.7962 175.659 -49.8495
F1_KNU1_B 12.7222 165.065 -17.6926
F1_KNU2_A 17.1948 180.73 -67.9035
F1_KNU3_A 18.1879 184.571 -83.9938
F2_KNU1_A -10.036 181.702 -62.6536
F2_KNU1_B -6.99092 169.566 -21.5589
F2_KNU2_A -12.1539 188.298 -88.371
F2_KNU3_A -13.7194 192.181 -105.84
TH_KNU1_A -64.2797 158.32 22.7976
TH_KNU1_B -30.5675 154.18 56.7051
TH_KNU2_A -86.5586 160.668 -1.13461
TH_KNU3_A -103.699 163.523 -15.43
PALM_POSITION -21.3677 164.119 -0.797954
PALM_NORMAL -0.00442002 -0.997887 -0.0648233
