F4_KNU1_A -42.9828 180.645 -54.9131
F4_KNU1_B -23.2227 172.982 -21.0351
F4_KNU2_A -61.4528 167.846 -55.6228
F4_KNU3_A -66.2908 157.345 -44.7204
F3_KNU1_A -4.72642 177.715 -66.6738
F3_KNU1_B -10.2888 158.035 -26.777
F3_KNU2_A -16.0447 182.291 -90.1378
F3_KNU3_A -29.9573 180.023 -100.473
F1_KNU1_A 13.5875 131.385 -56.0377
F1_KNU1_B 8.86752 122.021 -24.865
F1_KNU2_A 4.45778 133.308 -71.6555
F1_KNU3_A -9.71657 131.833 -79.0012
F2_KNU1_A 10.2155 153.44 -65.2746
F2_KNU1_B 1.5211 140.434 -26.7731
F2_KNU2_A 0.616511 155.333 -89.1117
F2_KNU3_A -12.932 152.325 -99.5717
TH_KNU1_A -43.0069 154.87 11.738
TH_KNU1_B -19.8803 144.646 50.6792
TH_KNU2_A -57.4766 157.092 -16.3948
TH_KNU3_A -66.8284 156.895 -36.0514
PALM_POSITION -9.67581 147.252 -5.49451
PALM_NORMAL -0.828396 -0.55588 -0.0689756
