F4_KNU1_A -42.6772 180.117 -53.3703
F4_KNU1_B -22.7745 172.005 -19.6809
F4_KNU2_A -61.5194 167.899 -54.4335
F4_KNU3_A -66.975 157.348 -43.875
F3_KNU1_A -4.50985 176.304 -65.6696
F3_KNU1_B -10.1749 156.869 -25.6673
F3_KNU2_A -16.0679 180.876 -89.0172
F3_KNU3_A -30.2151 178.653 -99.0392
F1_KNU1_A 13.7492 129.951 -55.2117
F1_KNU1_B 8.44786 120.558 -24.1412
F1_KNU2_A 4.76943 132.122 -70.8838
F1_KNU3_A -9.44966 130.925 -78.1936
F2_KNU1_A 10.4019 151.488 -64.514
F2_KNU1_B 1.35771 139.087 -25.8937
F2_KNU2_A 0.607577 153.099 -88.2922
F2_KNU3_A -13.208 149.992 -98.3669
TH_KNU1_A -42.1765 154.33 13.3879
TH_KNU1_B -18.6508 143.485 51.9198
TH_KNU2_A -56.9591 156.705 -14.5692
TH_KNU3_A -66.1462 155.432 -34.2631
PALM_POSITION -9.36692 146.038 -4.41581
PALM_NORMAL -0.838012 -0.542801 -0.0557076
