F4_KNU1_A -40.7538 177.509 -53.0107
F4_KNU1_B -20.963 169.591 -19.2094
F4_KNU2_A -59.6754 165.423 -54.1661
F4_KNU3_A -65.3618 154.943 -43.6586
F3_KNU1_A -2.53528 173.391 -65.4434
F3_KNU1_B -8.4657 154.399 -25.2671
F3_KNU2_A -14.0686 177.701 -88.8529
F3_KNU3_A -28.2509 175.347 -98.795
F1_KNU1_A 15.465 127.365 -54.9127
F1_KNU1_B 9.96603 117.986 -23.8726
F1_KNU2_A 6.5933 129.621 -70.6343
F1_KNU3_A -7.59042 128.541 -78.0304
F2_KNU1_A 11.872 149.059 -64.1864
F2_KNU1_B 2.96996 136.556 -25.5662
F2_KNU2_A 2.18843 150.928 -87.9911
F2_KNU3_A -11.5241 148.068 -98.2777
TH_KNU1_A -40.3668 152.527 14.0729
TH_KNU1_B -16.7483 140.914 52.3234
TH_KNU2_A -55.1862 155.091 -13.848
TH_KNU3_A -64.0614 152.962 -33.611
PALM_POSITION -7.64352 143.523 -4.03881
PALM_NORMAL -0.841113 -0.538173 -0.0538455
