F4_KNU1_A -27.2161 188.7 -61.8737
F4_KNU1_B -23.3355 172.223 -25.6753
F4_KNU2_A -42.9149 185.528 -77.6509
F4_KNU3_A -56.0612 176.788 -79.4805
F3_KNU1_A -3.23063 176.188 -70.8533
F3_KNU1_B -10.2093 157.228 -30.8302
F3_KNU2_A -15.7153 179 -94.0012
F3_KNU3_A -30.5264 174.923 -102.34
F1_KNU1_A 14.5286 129.629 -59.2173
F1_KNU1_B 8.88586 121.25 -27.9181
F1_KNU2_A 4.11005 130.345 -74.1139
F1_KNU3_A -11.0088 127.588 -78.6818
F2_KNU1_A 11.9618 152.431 -68.413
F2_KNU1_B 1.60066 139.638 -30.2544
F2_KNU2_A 1.01699 153.018 -91.7324
F2_KNU3_A -13.745 148.622 -99.7814
TH_KNU1_A -46.1116 154.058 7.60371
TH_KNU1_B -22.4023 144.596 46.3869
TH_KNU2_A -61.3071 157.12 -20.0637
TH_KNU3_A -71.8571 159.598 -38.9431
PALM_POSITION -10.3102 146.656 -9.43375
PALM_NORMAL -0.825377 -0.557137 -0.0913831
