F4_KNU1_A -15.0027 187.208 -52.9532
F4_KNU1_B -12.445 172.024 -16.0777
F4_KNU2_A -28.9215 184.425 -70.3876
F4_KNU3_A -41.8565 176.477 -75.0851
F3_KNU1_A -6.67865 170.037 -63.8564
F3_KNU1_B 0.86077 157.298 -21.5374
F3_KNU2_A -27.0843 165.777 -80.1369
F3_KNU3_A -42.6661 157.885 -80.8022
F1_KNU1_A 20.7455 126.545 -52.6503
F1_KNU1_B 19.3754 120.923 -20.2743
F1_KNU2_A 12.0342 126.973 -68.6158
F1_KNU3_A -0.75425 125.332 -78.1452
F2_KNU1_A 12.3064 148.073 -62.2709
F2_KNU1_B 12.4388 139.545 -21.5971
F2_KNU2_A 0.34192 147.758 -85.0894
F2_KNU3_A -12.7504 144.452 -96.0295
TH_KNU1_A -36.8862 149.633 13.061
TH_KNU1_B -16.6814 138.696 53.409
TH_KNU2_A -49.9156 154.747 -15.3968
TH_KNU3_A -58.6326 157.61 -35.1374
PALM_POSITION -0.79635 145.047 -1.12307
PALM_NORMAL -0.822419 -0.535708 -0.191427
