F4_KNU1_A -10.3911 192.061 -51.9717
F4_KNU1_B -11.6503 174.541 -16.078
F4_KNU2_A -18.7903 193.632 -72.7665
F4_KNU3_A -28.84 189.459 -84.3486
F3_KNU1_A -17.3535 166.332 -61.2078
F3_KNU1_B 2.88612 161.036 -21.5552
F3_KNU2_A -40.1227 154.082 -66.7856
F3_KNU3_A -51.5185 143.152 -59.2893
F1_KNU1_A 20.6703 127.975 -54.0744
F1_KNU1_B 23.5502 125.815 -21.3829
F1_KNU2_A 10.6738 126.262 -69.1775
F1_KNU3_A -2.21312 123.073 -78.1665
F2_KNU1_A 8.457 150.086 -62.471
F2_KNU1_B 15.5463 144.042 -21.9702
F2_KNU2_A -6.28266 147.397 -83.4338
F2_KNU3_A -19.9106 142.561 -93.073
TH_KNU1_A -36.7684 147.841 9.67424
TH_KNU1_B -18.2275 136.324 50.6546
TH_KNU2_A -47.7834 152.104 -19.758
TH_KNU3_A -54.7601 153.839 -40.3052
PALM_POSITION 0.698989 147.334 -2.13722
PALM_NORMAL -0.772771 -0.56884 -0.281508
