F4_KNU1_A -12.1261 192.379 -51.602
F4_KNU1_B -10.6978 177.141 -14.6881
F4_KNU2_A -19.6451 194.896 -72.6393
F4_KNU3_A -28.1818 192.993 -85.9081
F3_KNU1_A -21.7177 166.698 -57.6893
F3_KNU1_B 3.64007 163.712 -20.837
F3_KNU2_A -43.7772 152.11 -57.2765
F3_KNU3_A -51.944 141.068 -46.4643
F1_KNU1_A 20.3399 129.237 -55.523
F1_KNU1_B 23.4795 128.074 -22.8047
F1_KNU2_A 8.43279 126.83 -69.0653
F1_KNU3_A -6.07436 123.238 -74.8692
F2_KNU1_A 8.37658 151.789 -62.7533
F2_KNU1_B 15.9119 146.488 -22.229
F2_KNU2_A -9.17315 147.139 -81.0377
F2_KNU3_A -24.39 140.794 -86.5341
TH_KNU1_A -38.8488 147.082 8.6465
TH_KNU1_B -19.6079 134.388 48.9507
TH_KNU2_A -49.162 150.208 -21.1802
TH_KNU3_A -55.5942 151.187 -41.9538
PALM_POSITION 0.714847 148.705 -2.51211
PALM_NORMAL -0.779327 -0.527954 -0.337512
