F4_KNU1_A -10.308 190.501 -51.6015
F4_KNU1_B -7.4368 176.915 -14.1306
F4_KNU2_A -18.0232 192.845 -72.5877
F4_KNU3_A -26.3845 191.395 -86.0243
F3_KNU1_A -14.5442 171.09 -59.2327
F3_KNU1_B 6.47619 163.121 -20.4428
F3_KNU2_A -37.8136 159.754 -64.6745
F3_KNU3_A -49.4328 148.806 -57.557
F1_KNU1_A 23.3708 128.284 -55.7206
F1_KNU1_B 25.1406 126.884 -22.909
F1_KNU2_A 10.0695 125.852 -67.8914
F1_KNU3_A -5.39874 122.373 -70.2741
F2_KNU1_A 13.0778 152.314 -62.7479
F2_KNU1_B 18.1804 145.525 -22.0664
F2_KNU2_A -6.04477 147.261 -79.2623
F2_KNU3_A -21.9099 140.398 -81.056
TH_KNU1_A -37.2642 146.47 8.58815
TH_KNU1_B -18.0022 133.479 48.7877
TH_KNU2_A -47.4709 149.393 -21.2956
TH_KNU3_A -53.9777 150.475 -42.0409
PALM_POSITION 2.98582 147.93 -2.3696
PALM_NORMAL -0.794912 -0.496593 -0.348584
