F4_KNU1_A -58.0292 163.199 -59.3439
F4_KNU1_B -49.8379 171.217 -19.1012
F4_KNU2_A -62.6363 156.334 -81.3853
F4_KNU3_A -65.8689 150.244 -96.5302
F3_KNU1_A -35.2859 188.047 -66.8712
F3_KNU1_B -28.7123 171.744 -23.3417
F3_KNU2_A -39.6744 195.966 -93.045
F3_KNU3_A -42.87 200.16 -110.572
F1_KNU1_A 24.6873 174.451 -48.1614
F1_KNU1_B 12.8361 163.285 -17.816
F1_KNU2_A 30.8286 179.513 -65.4685
F1_KNU3_A 35.8824 183.051 -81.0819
F2_KNU1_A -8.33004 187.007 -61.3176
F2_KNU1_B -6.70283 169.591 -21.4721
F2_KNU2_A -9.81545 196.523 -86.5204
F2_KNU3_A -11.1112 202.126 -103.785
TH_KNU1_A -66.0028 157.445 24.0374
TH_KNU1_B -31.1354 154.988 57.829
TH_KNU2_A -88.9026 158.433 0.00915993
TH_KNU3_A -108.381 162.448 -11.1286
PALM_POSITION -21.5002 165.042 -0.372422
PALM_NORMAL -0.0904899 -0.992833 -0.0780653
