F4_KNU1_A -12.5653 192.857 -51.5046
F4_KNU1_B -7.12158 181.463 -13.5908
F4_KNU2_A -25.1154 189.328 -69.8207
F4_KNU3_A -36.829 182.08 -77.7464
F3_KNU1_A -4.55176 179.579 -61.8271
F3_KNU1_B 7.19935 168.182 -20.0892
F3_KNU2_A -23.6144 175.528 -79.71
F3_KNU3_A -38.6581 168.288 -84.886
F1_KNU1_A 23.179 131.764 -56.419
F1_KNU1_B 26.4614 132.356 -23.6995
F1_KNU2_A 10.4496 128.927 -69.1029
F1_KNU3_A -4.59559 125.524 -73.4743
F2_KNU1_A 10.0507 154.652 -62.5324
F2_KNU1_B 19.2066 150.841 -22.1746
F2_KNU2_A -8.72802 149.123 -79.2871
F2_KNU3_A -24.2988 142.548 -83.3289
TH_KNU1_A -37.9536 148.818 6.57699
TH_KNU1_B -19.2183 134.787 46.6759
TH_KNU2_A -47.0649 151.84 -23.649
TH_KNU3_A -52.9257 153.262 -44.5656
PALM_POSITION 3.3088 152.059 -2.92882
PALM_NORMAL -0.775137 -0.488542 -0.400612
