F4_KNU1_A -16.1089 191.974 -51.3096
F4_KNU1_B -8.93979 179.04 -14.1854
F4_KNU2_A -24.3123 194.593 -72.0769
F4_KNU3_A -32.0168 193.899 -85.9591
F3_KNU1_A -1.65548 179.376 -63.0808
F3_KNU1_B 6.35778 166.938 -20.7593
F3_KNU2_A -12.5267 181.772 -87.074
F3_KNU3_A -22.3047 180.842 -101.533
F1_KNU1_A 21.1158 131.246 -57.2163
F1_KNU1_B 27.9772 132.564 -25.0779
F1_KNU2_A 5.9015 126.974 -66.2296
F1_KNU3_A -9.46149 122.447 -65.4996
F2_KNU1_A 1.23382 156.671 -59.9279
F2_KNU1_B 19.5076 150.483 -23.1191
F2_KNU2_A -20.8947 146.837 -68.7341
F2_KNU3_A -34.5045 136.554 -65.4088
TH_KNU1_A -36.7667 145.642 4.20142
TH_KNU1_B -19.3849 129.6 44.1555
TH_KNU2_A -40.378 143.912 -27.2585
TH_KNU3_A -40.0539 138.823 -48.4216
PALM_POSITION 3.12195 150.006 -4.25361
PALM_NORMAL -0.732379 -0.522714 -0.436338
