F4_KNU1_A -17.203 190.435 -51.7036
F4_KNU1_B -7.34635 180.459 -14.2841
F4_KNU2_A -25.0966 193.511 -72.5283
F4_KNU3_A -31.7611 194.397 -86.9282
F3_KNU1_A -4.8198 177.274 -63.4737
F3_KNU1_B 7.55621 168.148 -21.3598
F3_KNU2_A -15.3022 180.195 -87.5815
F3_KNU3_A -23.5892 180.971 -102.952
F1_KNU1_A 20.9822 131.011 -59.5401
F1_KNU1_B 27.8308 133.228 -27.4484
F1_KNU2_A 5.13468 127.368 -67.698
F1_KNU3_A -10.4218 124.016 -65.7464
F2_KNU1_A 2.40408 160.439 -61.0263
F2_KNU1_B 20.0645 151.333 -24.5256
F2_KNU2_A -20.0762 151.643 -70.0376
F2_KNU3_A -33.8236 141.511 -66.8167
TH_KNU1_A -38.851 145.865 1.887
TH_KNU1_B -20.7833 128.073 40.7815
TH_KNU2_A -40.6772 142.473 -29.5919
TH_KNU3_A -37.3011 134.05 -49.3792
PALM_POSITION 3.35453 150.403 -5.96398
PALM_NORMAL -0.745495 -0.464565 -0.47793
