F4_KNU1_A -18.0502 189.234 -51.7877
F4_KNU1_B -6.70439 180.461 -14.4888
F4_KNU2_A -25.8402 192.62 -72.6032
F4_KNU3_A -32.0027 194.249 -87.1609
F3_KNU1_A -5.80424 176.162 -63.1494
F3_KNU1_B 8.19512 168.023 -21.3428
F3_KNU2_A -16.1176 179.351 -87.2961
F3_KNU3_A -23.8164 180.722 -102.928
F1_KNU1_A 21.5766 130.76 -59.1568
F1_KNU1_B 28.3135 132.946 -27.0394
F1_KNU2_A 5.78478 127.192 -67.455
F1_KNU3_A -9.80942 123.9 -65.7138
F2_KNU1_A 3.40349 160.142 -61.0169
F2_KNU1_B 20.6305 151.114 -24.2905
F2_KNU2_A -19.0405 151.418 -70.1871
F2_KNU3_A -32.8674 141.376 -67.0245
TH_KNU1_A -39.4333 146.163 1.90984
TH_KNU1_B -21.0574 128.44 40.6912
TH_KNU2_A -41.0889 142.376 -29.5334
TH_KNU3_A -37.6889 133.906 -49.2967
PALM_POSITION 3.71787 150.382 -5.90438
PALM_NORMAL -0.743258 -0.462324 -0.483553
