F4_KNU1_A -17.0055 191.317 -52.0001
F4_KNU1_B -5.42741 182.323 -14.8255
F4_KNU2_A -24.3721 195.468 -72.8313
F4_KNU3_A -29.9828 197.957 -87.4901
F3_KNU1_A -4.6794 177.473 -63.5291
F3_KNU1_B 9.27784 169.639 -21.6503
F3_KNU2_A -14.3105 181.048 -87.9025
F3_KNU3_A -21.2831 182.936 -103.819
F1_KNU1_A 21.9648 131.992 -59.2558
F1_KNU1_B 28.9004 134.257 -27.1862
F1_KNU2_A 6.13532 128.594 -67.5535
F1_KNU3_A -9.50838 125.506 -65.8843
F2_KNU1_A 7.57473 160.797 -62.8166
F2_KNU1_B 21.4732 152.545 -24.5303
F2_KNU2_A -14.2444 153.673 -74.5257
F2_KNU3_A -29.2245 144.946 -73.3181
TH_KNU1_A -39.2303 149.735 2.7947
TH_KNU1_B -20.2787 130.863 40.7484
TH_KNU2_A -41.7969 146.811 -28.6795
TH_KNU3_A -39.0504 138.761 -48.7179
PALM_POSITION 4.61961 152.162 -6.07945
PALM_NORMAL -0.751189 -0.455409 -0.477826
