F4_KNU1_A -15.8475 192.94 -50.4623
F4_KNU1_B -6.44283 182.698 -12.9983
F4_KNU2_A -22.0262 197.845 -71.5145
F4_KNU3_A -26.838 200.87 -86.3555
F3_KNU1_A -1.55654 176.985 -62.9243
F3_KNU1_B 7.95554 169.621 -19.735
F3_KNU2_A -8.83534 180.24 -88.1438
F3_KNU3_A -14.4177 181.866 -104.628
F1_KNU1_A 24.5702 133.08 -56.7503
F1_KNU1_B 27.4232 133.978 -23.9974
F1_KNU2_A 13.5212 130.477 -70.9669
F1_KNU3_A -0.321711 127.297 -78.4039
F2_KNU1_A 15.1906 157.173 -63.1289
F2_KNU1_B 20.0624 152.39 -22.1351
F2_KNU2_A 0.145136 153.636 -83.7457
F2_KNU3_A -13.9997 148.46 -92.4148
TH_KNU1_A -40.6763 149.007 8.26072
TH_KNU1_B -18.2878 134.851 46.3941
TH_KNU2_A -50.8404 150.611 -21.7373
TH_KNU3_A -60.4516 155.748 -40.5819
PALM_POSITION 4.15288 153.162 -2.87592
PALM_NORMAL -0.772225 -0.485504 -0.409822
