F4_KNU1_A -60.1439 192.586 -55.9034
F4_KNU1_B -47.2821 176.833 -18.6082
F4_KNU2_A -67.6677 199.288 -77.5744
F4_KNU3_A -73.1299 202.588 -93.2164
F3_KNU1_A -31.9165 200.697 -64.8091
F3_KNU1_B -25.9378 178.176 -23.2346
F3_KNU2_A -35.7796 212.896 -89.8456
F3_KNU3_A -38.538 220.263 -106.679
F1_KNU1_A 30.299 181.057 -48.8619
F1_KNU1_B 16.6223 171.261 -18.2136
F1_KNU2_A 37.4723 185.153 -66.348
F1_KNU3_A 43.4458 187.679 -82.1091
F2_KNU1_A -3.17736 196.464 -61.2525
F2_KNU1_B -3.50002 176.869 -21.6594
F2_KNU2_A -3.32923 207.489 -86.326
F2_KNU3_A -3.65468 214.197 -103.536
TH_KNU1_A -63.5278 167.71 27.2087
TH_KNU1_B -26.523 161.517 59.2772
TH_KNU2_A -86.8803 170.52 3.05697
TH_KNU3_A -106.42 175.334 -8.36817
PALM_POSITION -18.0151 171.785 0.00407976
PALM_NORMAL -0.0529741 -0.995994 -0.0720438
