F4_KNU1_A -16.837 192.624 -48.5866
F4_KNU1_B -9.03408 179.941 -11.5036
F4_KNU2_A -22.826 198.219 -69.5214
F4_KNU3_A -27.8802 201.332 -84.2632
F3_KNU1_A 2.95604 179.803 -61.3249
F3_KNU1_B 5.5393 167.141 -18.3944
F3_KNU2_A -0.570659 186.038 -86.7863
F3_KNU3_A -3.91506 189.503 -103.589
F1_KNU1_A 23.1153 133.574 -55.299
F1_KNU1_B 25.8619 131.968 -22.5642
F1_KNU2_A 18.2452 133.496 -72.8273
F1_KNU3_A 11.9064 132.81 -87.5377
F2_KNU1_A 15.5906 159.048 -61.3525
F2_KNU1_B 18.0488 150.204 -20.8204
F2_KNU2_A 11.5979 163.25 -86.4588
F2_KNU3_A 7.65697 165.404 -103.247
TH_KNU1_A -42.0222 146.224 11.5513
TH_KNU1_B -18.0239 132.845 48.9795
TH_KNU2_A -54.7519 149.553 -17.3041
TH_KNU3_A -65.9897 155.802 -34.8693
PALM_POSITION 2.62645 150.885 -1.16555
PALM_NORMAL -0.768921 -0.513326 -0.381126
