F4_KNU1_A -18.6131 194.392 -44.6234
F4_KNU1_B -15.9899 169.549 -13.4332
F4_KNU2_A -22.7014 206.519 -63.1074
F4_KNU3_A -27.1194 213.825 -76.5114
F3_KNU1_A 4.25015 176.736 -58.4793
F3_KNU1_B -1.5669 156.02 -19.1471
F3_KNU2_A 4.51378 187.369 -82.6966
F3_KNU3_A 2.87291 193.376 -99.0288
F1_KNU1_A 3.87252 124.284 -48.7971
F1_KNU1_B 18.7239 120.586 -19.6861
F1_KNU2_A -9.71282 123.333 -60.8595
F1_KNU3_A -23.7492 120.822 -68.1893
F2_KNU1_A 20.0351 150.334 -58.793
F2_KNU1_B 10.9157 138.907 -19.8911
F2_KNU2_A 22.3886 155.914 -83.8381
F2_KNU3_A 22.0439 158.745 -100.981
TH_KNU1_A -36.8111 134.844 8.20634
TH_KNU1_B -23.3329 129.866 52.3578
TH_KNU2_A -43.3759 132.959 -22.7632
TH_KNU3_A -46.5657 129.237 -43.9729
PALM_POSITION -4.00403 141.895 -0.0645727
PALM_NORMAL -0.777171 -0.553893 -0.298676
