F4_KNU1_A -17.509 191.221 -45.8028
F4_KNU1_B -14.2226 167.878 -13.5347
F4_KNU2_A -21.608 202.941 -64.5447
F4_KNU3_A -25.8139 210.291 -77.993
F3_KNU1_A 4.47908 171.912 -59.7001
F3_KNU1_B -1.03865 153.177 -19.3445
F3_KNU2_A 5.32091 181.963 -84.1513
F3_KNU3_A 4.49854 187.98 -100.542
F1_KNU1_A -0.602648 120.046 -47.442
F1_KNU1_B 16.5277 116.313 -19.6155
F1_KNU2_A -15.6165 119.302 -57.6888
F1_KNU3_A -30.6389 117.11 -62.8433
F2_KNU1_A 18.6716 142.69 -60.0027
F2_KNU1_B 10.1038 135.16 -20.0401
F2_KNU2_A 21.8245 146.54 -85.2844
F2_KNU3_A 22.6999 148.651 -102.512
TH_KNU1_A -34.2855 135.176 8.79743
TH_KNU1_B -22.385 130.357 53.4174
TH_KNU2_A -40.5147 133.204 -22.236
TH_KNU3_A -43.3748 128.333 -43.2589
PALM_POSITION -3.90729 139.71 0.149272
PALM_NORMAL -0.825473 -0.50044 -0.261063
