F4_KNU1_A -15.3503 191.081 -43.7147
F4_KNU1_B -14.6476 167.771 -11.264
F4_KNU2_A -16.7352 203.614 -62.3275
F4_KNU3_A -18.3118 212.102 -75.6707
F3_KNU1_A 4.51319 172.881 -57.3483
F3_KNU1_B -1.25431 153.39 -17.3877
F3_KNU2_A 6.7159 183.885 -81.2998
F3_KNU3_A 7.48124 190.857 -97.31
F1_KNU1_A -2.99291 119.181 -44.3071
F1_KNU1_B 16.9909 116.868 -18.2881
F1_KNU2_A -19.1041 117.38 -52.5626
F1_KNU3_A -34.5241 114.274 -55.6641
F2_KNU1_A 18.1637 142.508 -58.618
F2_KNU1_B 10.2134 135.595 -18.4172
F2_KNU2_A 21.1733 146.022 -83.966
F2_KNU3_A 22.0973 147.939 -101.214
TH_KNU1_A -33.1355 134.746 10.7131
TH_KNU1_B -21.4061 129.304 55.3069
TH_KNU2_A -39.1017 132.881 -20.3785
TH_KNU3_A -41.292 127.001 -41.2233
PALM_POSITION -3.66679 139.639 1.96924
PALM_NORMAL -0.818721 -0.512648 -0.258625
