F4_KNU1_A -16.5899 189.378 -45.1639
F4_KNU1_B -17.3331 166.347 -12.5162
F4_KNU2_A -17.0742 201.802 -63.8951
F4_KNU3_A -17.9704 210.238 -77.3332
F3_KNU1_A 2.34132 172.602 -58.1257
F3_KNU1_B -3.70264 152.2 -18.6638
F3_KNU2_A 4.87726 184.209 -81.7575
F3_KNU3_A 5.95473 191.618 -97.5522
F1_KNU1_A -7.43802 115.301 -43.2853
F1_KNU1_B 15.2641 116.046 -19.4997
F1_KNU2_A -24.7593 111.531 -47.3752
F1_KNU3_A -40.0249 106.976 -45.5694
F2_KNU1_A 15.1059 141.288 -60.1037
F2_KNU1_B 8.11138 134.633 -19.6824
F2_KNU2_A 16.7343 144.253 -85.6475
F2_KNU3_A 16.2824 145.572 -102.97
TH_KNU1_A -34.2992 133.509 9.66529
TH_KNU1_B -22.7942 128.146 54.327
TH_KNU2_A -39.9287 131.197 -21.4591
TH_KNU3_A -41.4337 124.084 -41.9776
PALM_POSITION -5.68626 138.519 0.790633
PALM_NORMAL -0.810281 -0.530456 -0.249121
