F4_KNU1_A -16.2171 189.353 -45.0345
F4_KNU1_B -16.2459 165.866 -12.704
F4_KNU2_A -17.1069 202.037 -63.5757
F4_KNU3_A -18.2888 210.661 -76.8717
F3_KNU1_A 3.187 172.299 -58.1936
F3_KNU1_B -2.69913 151.636 -18.8435
F3_KNU2_A 5.65633 184.079 -81.7464
F3_KNU3_A 6.70685 191.615 -97.4826
F1_KNU1_A -6.96564 114.345 -43.2813
F1_KNU1_B 15.979 115.333 -19.7386
F1_KNU2_A -24.4105 110.51 -46.7366
F1_KNU3_A -39.581 105.991 -44.1916
F2_KNU1_A 15.8005 140.825 -60.2965
F2_KNU1_B 8.97767 133.978 -19.8778
F2_KNU2_A 17.2657 143.911 -85.8359
F2_KNU3_A 16.6765 145.312 -103.148
TH_KNU1_A -33.8127 133.387 9.34887
TH_KNU1_B -22.3534 127.429 53.9469
TH_KNU2_A -39.3943 131.313 -21.8009
TH_KNU3_A -40.6679 123.824 -42.2013
PALM_POSITION -4.89158 137.889 0.54204
PALM_NORMAL -0.813266 -0.522819 -0.255456
