F4_KNU1_A -22.1579 189.754 -49.7872
F4_KNU1_B -17.254 166.53 -17.6392
F4_KNU2_A -26.2374 201.892 -68.2656
F4_KNU3_A -29.898 209.882 -81.5064
F3_KNU1_A 1.89994 171.201 -63.8001
F3_KNU1_B -3.06173 152.72 -23.2559
F3_KNU2_A 3.77415 181.59 -88.052
F3_KNU3_A 4.40825 188.149 -104.241
F1_KNU1_A 6.75688 120.673 -54.0451
F1_KNU1_B 17.0857 117.201 -23.0136
F1_KNU2_A -4.934 120.036 -67.9693
F1_KNU3_A -17.9743 117.937 -77.0574
F2_KNU1_A 17.969 142.572 -63.7435
F2_KNU1_B 9.33518 135.534 -23.7057
F2_KNU2_A 20.9664 145.83 -89.1271
F2_KNU3_A 21.6177 147.375 -106.425
TH_KNU1_A -39.9175 138.793 7.78225
TH_KNU1_B -22.661 129.529 49.8797
TH_KNU2_A -47.3995 135.79 -22.8897
TH_KNU3_A -49.3471 128.07 -43.1502
PALM_POSITION -4.94576 139.376 -3.55835
PALM_NORMAL -0.787969 -0.561807 -0.251949
