F4_KNU1_A -21.7804 184.029 -50.786
F4_KNU1_B -17.7499 166.165 -15.268
F4_KNU2_A -27.1944 191.068 -71.4399
F4_KNU3_A -32.7719 194.113 -86.0062
F3_KNU1_A 3.0208 172.443 -60.068
F3_KNU1_B -2.27169 153.387 -19.8326
F3_KNU2_A 3.16846 181.863 -84.7832
F3_KNU3_A 1.54472 186.939 -101.43
F1_KNU1_A 17.5169 124.211 -49.8348
F1_KNU1_B 20.7431 119.741 -17.4109
F1_KNU2_A 10.6984 124.42 -66.6999
F1_KNU3_A 1.70741 123.081 -79.9066
F2_KNU1_A 19.0476 146.135 -59.052
F2_KNU1_B 11.5213 137.308 -19.1452
F2_KNU2_A 20.5741 149.789 -84.5127
F2_KNU3_A 19.7857 151.17 -101.819
TH_KNU1_A -40.8849 140.108 11.8731
TH_KNU1_B -22.3826 131.645 53.6082
TH_KNU2_A -50.4931 140.24 -18.3499
TH_KNU3_A -55.7609 138.096 -39.3626
PALM_POSITION -3.7163 140.752 0.363221
PALM_NORMAL -0.72929 -0.636375 -0.251323
