F4_KNU1_A -21.9603 185.348 -49.5317
F4_KNU1_B -18.2663 166.948 -14.2513
F4_KNU2_A -28.3728 191.635 -70.1422
F4_KNU3_A -35.2488 193.4 -84.3606
F3_KNU1_A 1.60454 174.109 -58.4903
F3_KNU1_B -3.00508 153.886 -18.7434
F3_KNU2_A -0.574149 183.117 -83.2635
F3_KNU3_A -4.80304 187.129 -99.7419
F1_KNU1_A 28.2657 121.7 -47.6402
F1_KNU1_B 19.5812 119.979 -15.9651
F1_KNU2_A 27.8001 120.703 -65.7994
F1_KNU3_A 23.5133 118.444 -81.0823
F2_KNU1_A 17.4801 148.094 -57.5367
F2_KNU1_B 10.5782 137.637 -17.9121
F2_KNU2_A 15.7362 151.188 -83.0577
F2_KNU3_A 11.1439 151.191 -99.8187
TH_KNU1_A -44.5835 150.541 17.9411
TH_KNU1_B -22.6886 133.668 55.2465
TH_KNU2_A -59.1667 161.109 -8.16285
TH_KNU3_A -68.9303 167.752 -26.4502
PALM_POSITION -4.42152 141.617 1.67846
PALM_NORMAL -0.740126 -0.630644 -0.233454
