F4_KNU1_A -23.2315 187.766 -48.3894
F4_KNU1_B -19.2457 169.098 -13.2821
F4_KNU2_A -30.1059 193.716 -68.9509
F4_KNU3_A -37.4046 194.936 -83.015
F3_KNU1_A -0.0408858 175.356 -57.7442
F3_KNU1_B -3.73655 156.199 -17.3785
F3_KNU2_A -3.51564 182.993 -82.828
F3_KNU3_A -8.92426 185.669 -99.2326
F1_KNU1_A 29.8395 117.78 -44.7984
F1_KNU1_B 19.0786 122.492 -14.0788
F1_KNU2_A 30.3192 113.169 -62.3903
F1_KNU3_A 26.6938 107.955 -77.1116
F2_KNU1_A 16.2344 149.686 -56.1594
F2_KNU1_B 9.96976 140.074 -16.2161
F2_KNU2_A 13.4948 151.746 -81.6973
F2_KNU3_A 7.99776 150.813 -98.1574
TH_KNU1_A -47.0267 157.181 21.0433
TH_KNU1_B -25.3866 135.473 55.9182
TH_KNU2_A -62.1541 172.993 -1.91113
TH_KNU3_A -72.706 184.347 -17.1951
PALM_POSITION -5.63438 143.828 2.94228
PALM_NORMAL -0.72697 -0.636495 -0.257661
