F4_KNU1_A -24.0604 191.315 -46.9332
F4_KNU1_B -19.2668 171.092 -12.8023
F4_KNU2_A -29.7002 200.157 -66.8193
F4_KNU3_A -35.3452 204.746 -80.9483
F3_KNU1_A -1.60765 176.329 -57.7041
F3_KNU1_B -4.22524 157.686 -17.0149
F3_KNU2_A -4.33818 184.772 -82.6211
F3_KNU3_A -8.51734 188.738 -99.1236
F1_KNU1_A 29.1193 115.046 -43.4622
F1_KNU1_B 17.5563 123.294 -13.7983
F1_KNU2_A 31.4955 109.087 -60.4861
F1_KNU3_A 30.5459 103.033 -75.3016
F2_KNU1_A 16.1328 150.532 -55.7743
F2_KNU1_B 8.97972 141.143 -15.9273
F2_KNU2_A 16.0873 153.955 -81.3127
F2_KNU3_A 13.487 154.816 -98.4742
TH_KNU1_A -47.4673 166.483 27.1853
TH_KNU1_B -25.5836 138.067 56.6711
TH_KNU2_A -62.8491 187.985 9.66821
TH_KNU3_A -73.373 202.554 -2.61445
PALM_POSITION -6.25338 145.495 3.40229
PALM_NORMAL -0.749888 -0.614653 -0.244683
