F4_KNU1_A -23.2735 193.131 -45.3471
F4_KNU1_B -18.4799 170.466 -12.7863
F4_KNU2_A -27.2789 204.971 -64.0343
F4_KNU3_A -30.8865 212.757 -77.4107
F3_KNU1_A -2.58213 174.194 -58.3456
F3_KNU1_B -4.22209 156.312 -17.2657
F3_KNU2_A -3.81896 183.597 -83.0368
F3_KNU3_A -5.873 189.119 -99.4931
F1_KNU1_A 26.1401 109.433 -43.4516
F1_KNU1_B 15.8754 120.881 -14.3781
F1_KNU2_A 29.3066 102.344 -59.9042
F1_KNU3_A 30.2233 95.646 -74.4419
F2_KNU1_A 14.0564 147.939 -56.5781
F2_KNU1_B 8.15884 139.131 -16.3944
F2_KNU2_A 15.6819 152.457 -81.8936
F2_KNU3_A 15.6138 154.948 -99.0928
TH_KNU1_A -46.0925 170.67 31.6124
TH_KNU1_B -24.9456 138.001 56.9366
TH_KNU2_A -60.649 195.276 17.8852
TH_KNU3_A -70.6412 212.049 8.25805
PALM_POSITION -6.4181 144.297 3.23836
PALM_NORMAL -0.784795 -0.577007 -0.226187
