F4_KNU1_A -23.5102 193.35 -43.5034
F4_KNU1_B -19.0655 167.905 -13.0124
F4_KNU2_A -27.0286 207.103 -60.9361
F4_KNU3_A -30.1391 216.456 -73.4026
F3_KNU1_A -2.93981 171.798 -57.8107
F3_KNU1_B -5.48314 153.011 -17.1832
F3_KNU2_A -2.65827 182.355 -82.061
F3_KNU3_A -3.1728 189.013 -98.2141
F1_KNU1_A 23.9335 103.543 -41.1304
F1_KNU1_B 13.4267 117.054 -13.046
F1_KNU2_A 27.9706 95.5278 -56.9554
F1_KNU3_A 30.188 88.123 -71.0017
F2_KNU1_A 13.231 144.482 -55.7585
F2_KNU1_B 6.30048 135.449 -15.7903
F2_KNU2_A 16.563 149.692 -80.7723
F2_KNU3_A 18.2458 152.973 -97.7554
TH_KNU1_A -46.4085 173.341 35.8257
TH_KNU1_B -24.2856 139.416 58.5291
TH_KNU2_A -61.2264 198.682 23.8249
TH_KNU3_A -71.2763 216.564 16.5366
PALM_POSITION -7.4004 142.182 3.99792
PALM_NORMAL -0.812156 -0.558345 -0.169272
