F4_KNU1_A -30.3941 186.692 -40.6398
F4_KNU1_B -25.7772 161.941 -9.60877
F4_KNU2_A -34.4537 199.9 -58.3741
F4_KNU3_A -38.2473 208.733 -71.0289
F3_KNU1_A -8.63221 165.775 -54.1114
F3_KNU1_B -12.3725 146.849 -13.6411
F3_KNU2_A -7.96489 176.356 -78.3433
F3_KNU3_A -8.45605 182.971 -94.5151
F1_KNU1_A 21.6527 98.0525 -34.2311
F1_KNU1_B 7.76838 111.812 -7.78133
F1_KNU2_A 27.6459 89.6554 -49.2157
F1_KNU3_A 31.552 81.7046 -62.5789
F2_KNU1_A 9.98737 135.429 -51.5989
F2_KNU1_B -0.0733745 129.698 -11.686
F2_KNU2_A 15.0059 138.437 -76.6926
F2_KNU3_A 17.6324 140.127 -93.7885
TH_KNU1_A -49.8016 169.168 39.5281
TH_KNU1_B -22.3455 141.479 64.7325
TH_KNU2_A -68.2577 189.97 24.2828
TH_KNU3_A -80.1666 206.667 16.9844
PALM_POSITION -11.6662 138.407 8.67075
PALM_NORMAL -0.811731 -0.583835 -0.0151201
