F4_KNU1_A -32.6719 186.363 -39.3908
F4_KNU1_B -27.4693 161.664 -8.41048
F4_KNU2_A -37.1132 199.481 -57.101
F4_KNU3_A -41.2059 208.208 -69.7362
F3_KNU1_A -10.9442 167.206 -52.3005
F3_KNU1_B -13.8319 146.795 -12.4878
F3_KNU2_A -10.4743 178.784 -76.0773
F3_KNU3_A -10.9105 186.137 -91.9287
F1_KNU1_A 20.7817 98.4891 -33.2497
F1_KNU1_B 6.86294 112.066 -6.72393
F1_KNU2_A 26.8809 90.2069 -48.2554
F1_KNU3_A 30.9543 82.3621 -61.6313
F2_KNU1_A 8.51225 133.596 -50.7985
F2_KNU1_B -1.26264 129.836 -10.5814
F2_KNU2_A 13.1633 135.238 -76.0888
F2_KNU3_A 15.4299 135.922 -93.3056
TH_KNU1_A -51.6739 168.462 40.9499
TH_KNU1_B -23.6563 141.089 65.8809
TH_KNU2_A -70.707 188.001 24.7724
TH_KNU3_A -82.8409 204.706 17.8722
PALM_POSITION -12.9748 138.314 9.8041
PALM_NORMAL -0.802449 -0.596511 -0.0158418
