F4_KNU1_A -30.0055 191.007 -42.3164
F4_KNU1_B -25.3635 164.703 -12.593
F4_KNU2_A -34.0372 205.037 -59.4142
F4_KNU3_A -37.7815 214.417 -71.6838
F3_KNU1_A -6.95116 171.38 -56.9264
F3_KNU1_B -11.2743 150.515 -17.4807
F3_KNU2_A -5.69381 183.14 -80.585
F3_KNU3_A -5.64384 190.559 -96.4114
F1_KNU1_A 24.3349 104.633 -41.3928
F1_KNU1_B 10.0942 115.894 -13.9686
F1_KNU2_A 30.3765 97.5339 -57.0156
F1_KNU3_A 34.2106 90.6673 -70.9868
F2_KNU1_A 11.6168 141.25 -56.242
F2_KNU1_B 1.64543 133.736 -16.6036
F2_KNU2_A 16.1967 145.12 -81.3014
F2_KNU3_A 18.2982 147.24 -98.422
TH_KNU1_A -49.3658 168.432 36.4804
TH_KNU1_B -22.9451 138.261 59.878
TH_KNU2_A -67.402 189.179 20.6681
TH_KNU3_A -79.4774 205.35 12.5091
PALM_POSITION -10.7803 140.275 4.0715
PALM_NORMAL -0.787255 -0.610651 -0.08564
