F4_KNU1_A -38.5648 183.707 -48.4354
F4_KNU1_B -31.191 163.874 -14.5361
F4_KNU2_A -43.6855 193.766 -67.8783
F4_KNU3_A -47.8848 200.181 -81.7983
F3_KNU1_A -15.1608 171.149 -60.6624
F3_KNU1_B -14.031 153.607 -19.4188
F3_KNU2_A -16.7555 180.703 -85.275
F3_KNU3_A -18.3372 186.551 -101.671
F1_KNU1_A 21.1715 127.126 -49.1161
F1_KNU1_B 14.1943 124.187 -17.1102
F1_KNU2_A 23.3616 127.768 -67.1648
F1_KNU3_A 24.0437 127.605 -83.1822
F2_KNU1_A 5.2274 150.921 -58.8797
F2_KNU1_B 2.19578 139.982 -18.9017
F2_KNU2_A 5.63978 156.537 -84.0238
F2_KNU3_A 5.07371 159.636 -101.115
TH_KNU1_A -55.682 161.063 33.4179
TH_KNU1_B -27.6177 131.26 55.3256
TH_KNU2_A -74.5484 180.392 16.7982
TH_KNU3_A -87.8152 194.801 7.29813
PALM_POSITION -12.6622 141.552 1.13323
PALM_NORMAL -0.625648 -0.752846 -0.204418
