F4_KNU1_A -36.2476 180.671 -50.4072
F4_KNU1_B -31.2454 163.657 -14.5965
F4_KNU2_A -39.7962 189.271 -70.8739
F4_KNU3_A -42.7401 194.751 -85.4979
F3_KNU1_A -16.9707 169.41 -61.3152
F3_KNU1_B -13.5568 154.225 -19.2701
F3_KNU2_A -19.8319 177.527 -86.3256
F3_KNU3_A -22.1892 182.417 -102.941
F1_KNU1_A 18.7273 133.036 -48.915
F1_KNU1_B 15.7845 125.919 -16.9403
F1_KNU2_A 19.1884 136.232 -66.8187
F1_KNU3_A 18.7517 138.501 -82.6839
F2_KNU1_A 2.9488 153.293 -58.4344
F2_KNU1_B 3.19748 141.258 -18.6575
F2_KNU2_A 1.8394 159.924 -83.3086
F2_KNU3_A 0.55491 163.92 -100.173
TH_KNU1_A -57.7905 157.861 32.8859
TH_KNU1_B -28.1525 129.391 54.493
TH_KNU2_A -77.747 176.543 16.8086
TH_KNU3_A -91.8829 190.641 8.13052
PALM_POSITION -12.2284 141.699 1.00136
PALM_NORMAL -0.588646 -0.771893 -0.240161
