F4_KNU1_A -33.1889 175.516 -52.6557
F4_KNU1_B -31.5694 163.013 -14.7353
F4_KNU2_A -34.5514 181.838 -74.1874
F4_KNU3_A -35.7763 185.887 -89.506
F3_KNU1_A -16.1354 165.02 -62.5886
F3_KNU1_B -13.3677 154.453 -19.1065
F3_KNU2_A -18.3088 170.636 -88.3438
F3_KNU3_A -20.0324 174.016 -105.406
F1_KNU1_A 14.9898 135.904 -48.5062
F1_KNU1_B 16.9122 127.146 -16.8632
F1_KNU2_A 13.0372 140.098 -66.1006
F1_KNU3_A 10.7094 143.338 -81.6292
F2_KNU1_A -0.000264302 153.037 -58.3038
F2_KNU1_B 3.82937 142.084 -18.3982
F2_KNU2_A -3.09724 159.112 -83.1521
F2_KNU3_A -5.57329 162.818 -99.9495
TH_KNU1_A -60.7604 151.905 30.11
TH_KNU1_B -29.8705 125.709 52.8114
TH_KNU2_A -81.2991 168.758 12.7917
TH_KNU3_A -96.1127 181.728 3.50676
PALM_POSITION -12.3553 141.055 0.61818
PALM_NORMAL -0.549185 -0.780634 -0.298339
