F4_KNU1_A -36.4691 178.18 -52.4627
F4_KNU1_B -34.6625 165.186 -14.7165
F4_KNU2_A -38.004 184.683 -73.9289
F4_KNU3_A -39.3897 188.802 -89.2151
F3_KNU1_A -19.195 168.28 -62.7223
F3_KNU1_B -16.5429 156.671 -19.4995
F3_KNU2_A -21.5664 174.218 -88.3877
F3_KNU3_A -23.5644 177.647 -105.41
F1_KNU1_A 11.7508 138.654 -49.601
F1_KNU1_B 13.7359 129.305 -18.1312
F1_KNU2_A 9.49952 142.989 -67.1255
F1_KNU3_A 6.72745 146.215 -82.5837
F2_KNU1_A -3.30731 155.727 -58.9962
F2_KNU1_B 0.648316 144.276 -19.2429
F2_KNU2_A -6.93567 161.666 -83.8054
F2_KNU3_A -10.0109 165.033 -100.575
TH_KNU1_A -62.8267 153.338 29.8213
TH_KNU1_B -31.9346 126.911 52.2513
TH_KNU2_A -83.1418 169.949 12.013
TH_KNU3_A -97.7997 182.692 2.18263
PALM_POSITION -15.2331 142.99 0.0119482
PALM_NORMAL -0.5548 -0.775723 -0.300751
