F4_KNU1_A -36.0559 177.613 -52.4799
F4_KNU1_B -32.7097 164.494 -14.8821
F4_KNU2_A -38.5355 183.985 -73.8969
F4_KNU3_A -40.6299 187.897 -89.157
F3_KNU1_A -18.0906 169.095 -62.2093
F3_KNU1_B -14.2642 156.523 -19.3452
F3_KNU2_A -21.3235 175.334 -87.7087
F3_KNU3_A -23.9769 178.817 -104.631
F1_KNU1_A 22.0994 131.58 -49.911
F1_KNU1_B 16.7555 130.029 -17.496
F1_KNU2_A 24 131.677 -68.0036
F1_KNU3_A 24.9338 131.232 -84.0029
F2_KNU1_A 0.4899 153.933 -59.2102
F2_KNU1_B 3.26753 144.624 -18.8031
F2_KNU2_A -2.29789 158.579 -84.4009
F2_KNU3_A -4.74424 161.102 -101.421
TH_KNU1_A -60.8867 152.792 29.7098
TH_KNU1_B -30.179 126.014 51.9753
TH_KNU2_A -80.9069 169.556 11.7114
TH_KNU3_A -95.3508 182.19 1.43459
PALM_POSITION -12.9395 142.798 0.134071
PALM_NORMAL -0.526394 -0.789926 -0.314525
