F4_KNU1_A -44.7846 169.916 -53.7292
F4_KNU1_B -33.8533 153.305 -19.0668
F4_KNU2_A -51.8189 177.998 -73.4938
F4_KNU3_A -57.3107 182.919 -87.5714
F3_KNU1_A -13.925 159.827 -61.5528
F3_KNU1_B -15.3082 144.383 -19.4862
F3_KNU2_A -13.9962 167.987 -86.7127
F3_KNU3_A -14.5597 172.813 -103.503
F1_KNU1_A 35.1046 109.288 -31.4968
F1_KNU1_B 14.6705 119.268 -7.73665
F1_KNU2_A 45.4621 102.834 -44.9887
F1_KNU3_A 53.8313 96.4636 -57.0894
F2_KNU1_A 12.2791 140.305 -53.6865
F2_KNU1_B 1.76598 133.017 -14.1458
F2_KNU2_A 17.8562 143.808 -78.5974
F2_KNU3_A 21.0503 145.563 -95.5898
TH_KNU1_A -71.7207 150.758 27.7842
TH_KNU1_B -38.4435 134.09 55.5439
TH_KNU2_A -95.3652 164.963 12.135
TH_KNU3_A -111.859 178.18 6.92356
PALM_POSITION -16.1306 136.361 2.97604
PALM_NORMAL -0.517523 -0.843894 -0.141466
