F4_KNU1_A -44.6346 172.483 -54.2019
F4_KNU1_B -34.3327 154.414 -20.0803
F4_KNU2_A -51.5343 181.194 -73.7455
F4_KNU3_A -57.073 186.408 -87.6987
F3_KNU1_A -13.2403 163.03 -61.9977
F3_KNU1_B -15.8076 145.472 -20.8257
F3_KNU2_A -12.9428 172.152 -86.8233
F3_KNU3_A -13.4772 177.412 -103.483
F1_KNU1_A 36.1109 112.089 -32.5438
F1_KNU1_B 14.5675 120.754 -9.25244
F1_KNU2_A 46.9801 106.136 -45.8628
F1_KNU3_A 55.6797 100.022 -57.8621
F2_KNU1_A 13.1784 143.522 -54.467
F2_KNU1_B 1.44471 134.284 -15.6845
F2_KNU2_A 19.1838 147.873 -79.1436
F2_KNU3_A 22.4376 149.951 -96.0882
TH_KNU1_A -71.0189 152.022 27.8359
TH_KNU1_B -36.3703 137.76 55.2561
TH_KNU2_A -95.583 164.966 12.5116
TH_KNU3_A -112.522 177.649 7.40424
PALM_POSITION -15.8606 138.221 1.91236
PALM_NORMAL -0.521569 -0.847918 -0.0948736
