F4_KNU1_A -54.226 167.13 -54.3733
F4_KNU1_B -44.6274 158.643 -13.3659
F4_KNU2_A -59.7343 169.131 -77.8224
F4_KNU3_A -63.6523 168.804 -94.4496
F3_KNU1_A -26.7329 141.799 -60.8664
F3_KNU1_B -22.7877 160.297 -16.5319
F3_KNU2_A -29.7756 125.956 -84.2834
F3_KNU3_A -32.0814 113.367 -98.0436
F1_KNU1_A 19.8278 164.929 -41.9094
F1_KNU1_B 19.8975 154.328 -8.17665
F1_KNU2_A 19.4965 170.137 -60.7591
F1_KNU3_A 18.9783 174.214 -77.4988
F2_KNU1_A -3.37578 164.455 -57.5736
F2_KNU1_B -0.248479 159.481 -13.2819
F2_KNU2_A -5.79328 165.626 -85.145
F2_KNU3_A -7.69249 165.313 -103.73
TH_KNU1_A -62.9301 150.709 30.7702
TH_KNU1_B -29.0822 145.949 67.1492
TH_KNU2_A -85.5419 153.611 5.41686
TH_KNU3_A -104.956 158.668 -6.63559
PALM_POSITION -16.3728 154.704 7.67401
PALM_NORMAL -0.0297281 -0.998572 -0.0443859
