F4_KNU1_A -53.0968 171.592 -59.4641
F4_KNU1_B -42.9255 151.396 -26.5161
F4_KNU2_A -60.2813 181.137 -78.5094
F4_KNU3_A -66.2475 186.653 -92.167
F3_KNU1_A -21.4874 160.725 -69.1998
F3_KNU1_B -24.3024 142.793 -28.2054
F3_KNU2_A -22.1115 168.9 -94.347
F3_KNU3_A -23.9101 172.755 -111.301
F1_KNU1_A 28.7233 112.26 -42.0417
F1_KNU1_B 7.1418 118.78 -18.0954
F1_KNU2_A 38.7357 106.399 -56.0547
F1_KNU3_A 45.8156 99.5672 -68.7139
F2_KNU1_A 5.02333 141.308 -62.7257
F2_KNU1_B -6.57777 131.988 -23.9229
F2_KNU2_A 9.80353 144.346 -87.8623
F2_KNU3_A 11.4752 144.662 -105.158
TH_KNU1_A -75.6223 147.646 21.2079
TH_KNU1_B -40.4299 135.578 48.9864
TH_KNU2_A -100.305 157.815 4.08692
TH_KNU3_A -117.804 168.289 -3.5269
PALM_POSITION -22.9454 135.805 -5.42545
PALM_NORMAL -0.509646 -0.858521 -0.0565805
