F4_KNU1_A -39.4427 163.942 -58.7983
F4_KNU1_B -33.3341 160.074 -19.4967
F4_KNU2_A -44.4397 162.576 -80.6752
F4_KNU3_A -48.7501 159.701 -95.6989
F3_KNU1_A -26.1626 148.551 -63.8288
F3_KNU1_B -14.1768 152.662 -20.8234
F3_KNU2_A -35.2235 142.864 -88.0189
F3_KNU3_A -42.0612 137.63 -103.23
F1_KNU1_A 13.8115 127.094 -44.9953
F1_KNU1_B 17.4181 128.226 -12.3241
F1_KNU2_A 8.7621 123.717 -62.1435
F1_KNU3_A 2.53075 119.102 -76.1764
F2_KNU1_A -6.34796 136.244 -56.8233
F2_KNU1_B 3.61854 141.849 -16.8689
F2_KNU2_A -15.2299 129.184 -79.9578
F2_KNU3_A -22.3703 122.833 -94.4732
TH_KNU1_A -63.0196 146.754 16.5451
TH_KNU1_B -37.4709 129.309 51.1681
TH_KNU2_A -75.8884 153.379 -11.673
TH_KNU3_A -83.3046 156.398 -31.9155
PALM_POSITION -14.6991 141.234 0.122556
PALM_NORMAL -0.451889 -0.846566 -0.281287
