F4_KNU1_A -32.5335 172.69 -51.1293
F4_KNU1_B -24.1048 171.712 -12.0794
F4_KNU2_A -38.0733 170.26 -72.782
F4_KNU3_A -42.3218 167.164 -87.7796
F3_KNU1_A -24.486 141.763 -44.5283
F3_KNU1_B -4.55196 165.28 -11.9771
F3_KNU2_A -37.6922 120.837 -53.8729
F3_KNU3_A -46.2113 105.772 -56.3189
F1_KNU1_A 7.6382 124.434 -27.2307
F1_KNU1_B 26.6873 139.844 -5.29121
F1_KNU2_A -5.27861 112.617 -32.1784
F1_KNU3_A -16.8508 101.588 -33.4072
F2_KNU1_A -7.46044 129.873 -35.0856
F2_KNU1_B 12.9889 154.018 -8.14173
F2_KNU2_A -22.5875 109.977 -41.3494
F2_KNU3_A -32.8397 95.9606 -42.0242
TH_KNU1_A -52.9438 135.567 3.04238
TH_KNU1_B -38.1551 121.351 44.6958
TH_KNU2_A -52.4233 137.958 -28.5769
TH_KNU3_A -39.3147 129.93 -43.9912
PALM_POSITION -7.87132 148.157 4.31324
PALM_NORMAL -0.340209 -0.731216 -0.591253
