F4_KNU1_A -49.7312 152.475 -53.9041
F4_KNU1_B -41.7302 158.759 -12.1637
F4_KNU2_A -54.062 146.176 -76.8337
F4_KNU3_A -57.0022 140.261 -92.5908
F3_KNU1_A -24.7717 165.069 -63.3439
F3_KNU1_B -19.9656 160.867 -15.5681
F3_KNU2_A -27.8734 165.818 -91.6007
F3_KNU3_A -30.0631 165.364 -110.259
F1_KNU1_A 23.4706 166.99 -41.6179
F1_KNU1_B 22.9099 154.6 -8.50526
F1_KNU2_A 23.4881 173.174 -60.1736
F1_KNU3_A 23.278 178.099 -76.6904
F2_KNU1_A -0.533412 171.216 -55.9285
F2_KNU1_B 2.63535 159.983 -12.8001
F2_KNU2_A -2.77932 177.079 -82.9095
F2_KNU3_A -4.45642 180.385 -101.222
TH_KNU1_A -59.3484 146.354 31.5307
TH_KNU1_B -24.6048 139.499 66.7112
TH_KNU2_A -82.3364 150.589 6.70886
TH_KNU3_A -102.025 156.136 -4.66337
PALM_POSITION -13.0628 153.322 7.96442
PALM_NORMAL -0.0231605 -0.991561 -0.127555
