F4_KNU1_A -30.2072 174.783 -50.1433
F4_KNU1_B -21.1252 173.851 -11.239
F4_KNU2_A -36.3064 172.146 -71.6208
F4_KNU3_A -41.0288 168.825 -86.4271
F3_KNU1_A -24.8761 138.436 -37.7183
F3_KNU1_B -1.87376 166.569 -11.4611
F3_KNU2_A -39.0237 116.352 -41.1455
F3_KNU3_A -47.7818 101.304 -39.603
F1_KNU1_A 7.21539 123.801 -24.6066
F1_KNU1_B 28.3501 139.839 -5.16911
F1_KNU2_A -6.6164 112.298 -27.3133
F1_KNU3_A -18.7668 101.871 -26.4847
F2_KNU1_A -8.08662 128.637 -30.4665
F2_KNU1_B 15.2305 154.578 -7.87204
F2_KNU2_A -24.562 108.96 -32.7706
F2_KNU3_A -35.4747 95.5807 -30.7895
TH_KNU1_A -55.9361 137.238 6.11759
TH_KNU1_B -36.2423 124.579 46.2136
TH_KNU2_A -56.3017 136.706 -25.5896
TH_KNU3_A -39.6416 124.967 -33.2391
PALM_POSITION -5.61678 149.73 5.03202
PALM_NORMAL -0.383389 -0.719989 -0.578472
