F4_KNU1_A -29.6415 179.29 -48.4216
F4_KNU1_B -19.1758 178.407 -9.86532
F4_KNU2_A -36.6372 176.548 -69.6107
F4_KNU3_A -42.0364 173.119 -84.1588
F3_KNU1_A -24.5203 143.918 -37.3651
F3_KNU1_B -0.176446 170.536 -10.7404
F3_KNU2_A -38.9411 121.786 -36.0075
F3_KNU3_A -46.9217 107.519 -29.8202
F1_KNU1_A 7.60672 127.923 -24.8245
F1_KNU1_B 29.4366 142.941 -5.34068
F1_KNU2_A -6.60716 116.575 -24.4483
F1_KNU3_A -18.3113 106.697 -19.7057
F2_KNU1_A -6.7164 134.735 -32.904
F2_KNU1_B 16.6785 158.054 -7.68449
F2_KNU2_A -23.8019 115.477 -31.8345
F2_KNU3_A -34.3133 103.016 -25.8133
TH_KNU1_A -55.9879 142.761 9.89756
TH_KNU1_B -33.6128 130.075 48.5524
TH_KNU2_A -59.0209 142.261 -21.6669
TH_KNU3_A -43.0357 130.154 -30.1387
PALM_POSITION -3.80675 153.95 6.0318
PALM_NORMAL -0.426552 -0.712402 -0.557258
