F4_KNU1_A -30.1007 184.121 -45.3179
F4_KNU1_B -18.6319 180.266 -7.23256
F4_KNU2_A -37.5993 182.939 -66.4794
F4_KNU3_A -43.3183 180.545 -81.1123
F3_KNU1_A -22.128 154.097 -43.0445
F3_KNU1_B 0.495379 172.926 -9.22602
F3_KNU2_A -35.6011 131.393 -41.4352
F3_KNU3_A -41.3906 117.395 -32.7144
F1_KNU1_A 19.935 136.182 -36.4235
F1_KNU1_B 30.8025 145.659 -6.86371
F1_KNU2_A 4.84154 126.66 -39.9565
F1_KNU3_A -8.41172 119.074 -35.0736
F2_KNU1_A 0.413464 147.973 -43.2558
F2_KNU1_B 17.6785 160.62 -7.63195
F2_KNU2_A -16.562 128.807 -46.1589
F2_KNU3_A -26.3665 116.021 -39.6459
TH_KNU1_A -54.8474 142.692 11.0333
TH_KNU1_B -30.5172 126.978 47.3224
TH_KNU2_A -61.0158 146.252 -19.8705
TH_KNU3_A -45.9021 135.82 -31.5596
PALM_POSITION -2.34689 154.938 6.20004
PALM_NORMAL -0.426444 -0.673655 -0.603601
