F4_KNU1_A -31.4604 178.513 -48.5454
F4_KNU1_B -20.1928 178.467 -10.2057
F4_KNU2_A -38.7033 173.709 -69.2794
F4_KNU3_A -44.0999 168.219 -83.1824
F3_KNU1_A -17.8912 159.272 -50.5055
F3_KNU1_B -0.440069 172.822 -11.4944
F3_KNU2_A -30.1232 135.961 -53.0746
F3_KNU3_A -35.419 121.078 -45.5934
F1_KNU1_A 26.0949 138.781 -38.8527
F1_KNU1_B 32.0279 148.311 -7.93903
F1_KNU2_A 12.2025 128.221 -43.9965
F1_KNU3_A -0.851839 119.857 -39.9127
F2_KNU1_A 4.1319 149.867 -46.5843
F2_KNU1_B 17.6842 162.067 -9.24014
F2_KNU2_A -11.0022 129.381 -50.4827
F2_KNU3_A -19.7843 115.892 -43.9285
TH_KNU1_A -55.4342 139.461 8.85516
TH_KNU1_B -29.2946 124.456 44.1735
TH_KNU2_A -61.2084 142.948 -22.1329
TH_KNU3_A -44.6938 133.715 -32.8986
PALM_POSITION -2.24289 154.687 3.91494
PALM_NORMAL -0.344592 -0.709559 -0.61464
