F4_KNU1_A -33.6827 171.94 -49.049
F4_KNU1_B -20.8607 176.009 -11.42
F4_KNU2_A -41.1122 153.043 -58.6992
F4_KNU3_A -44.2136 137.536 -57.1292
F3_KNU1_A -14.3276 165.847 -55.2393
F3_KNU1_B -1.17981 170.093 -12.5881
F3_KNU2_A -27.5167 144.263 -62.972
F3_KNU3_A -34.0034 129.017 -57.405
F1_KNU1_A 32.8228 138.837 -41.213
F1_KNU1_B 30.9017 145.086 -8.98021
F1_KNU2_A 20.4252 129.05 -50.2398
F1_KNU3_A 6.71235 120.892 -48.6761
F2_KNU1_A 10.4796 155.245 -51.1792
F2_KNU1_B 16.7681 159.059 -10.2766
F2_KNU2_A -4.51709 136.766 -61.0561
F2_KNU3_A -14.5945 123.203 -56.9926
TH_KNU1_A -59.053 139.136 9.58003
TH_KNU1_B -31.2198 121.626 42.3592
TH_KNU2_A -65.0591 143.656 -21.2301
TH_KNU3_A -49.9614 135.124 -34.3882
PALM_POSITION -3.37947 151.841 2.63107
PALM_NORMAL -0.349168 -0.698722 -0.624396
