F4_KNU1_A -28.873 164.596 -60.9312
F4_KNU1_B -20.2801 159.709 -22.212
F4_KNU2_A -35.1362 157.123 -81.1887
F4_KNU3_A -39.7053 147.27 -92.7897
F3_KNU1_A 2.98538 157.954 -65.5019
F3_KNU1_B -0.238908 155.21 -20.869
F3_KNU2_A -0.762659 148.648 -89.9754
F3_KNU3_A -5.64452 138.038 -102.98
F1_KNU1_A 48.1258 128.011 -39.0578
F1_KNU1_B 32.9286 133.779 -10.4665
F1_KNU2_A 49.5905 119.821 -55.2364
F1_KNU3_A 46.1544 110.354 -67.711
F2_KNU1_A 27.9867 147.278 -55.654
F2_KNU1_B 18.1068 146.172 -15.3023
F2_KNU2_A 27.1152 138.362 -79.8133
F2_KNU3_A 23.0854 128.343 -93.4294
TH_KNU1_A -60.8888 136.179 10.4097
TH_KNU1_B -31.7018 115.091 39.7221
TH_KNU2_A -73.1493 146.192 -17.0709
TH_KNU3_A -76.0185 149.667 -38.368
PALM_POSITION -2.56398 139.832 -2.7666
PALM_NORMAL -0.250892 -0.823095 -0.509479
