F4_KNU1_A -27.8751 158.898 -61.0682
F4_KNU1_B -19.856 154.095 -22.2157
F4_KNU2_A -33.389 156.398 -82.7195
F4_KNU3_A -37.67 151.985 -97.3743
F3_KNU1_A 3.95317 153.63 -65.2275
F3_KNU1_B 0.164271 149.544 -20.7419
F3_KNU2_A 3.30323 150.336 -91.4635
F3_KNU3_A 1.45953 145.414 -108.134
F1_KNU1_A 50.5052 121.972 -36.507
F1_KNU1_B 33.2651 128.553 -9.28273
F1_KNU2_A 56.626 115.455 -52.351
F1_KNU3_A 59.5332 108.038 -66.2643
F2_KNU1_A 28.8093 142.331 -54.9879
F2_KNU1_B 18.4905 140.733 -14.7627
F2_KNU2_A 31.64 138.04 -80.2368
F2_KNU3_A 31.6539 132.572 -96.7329
TH_KNU1_A -59.8102 135.289 13.1843
TH_KNU1_B -31.1101 113.429 42.4119
TH_KNU2_A -73.8611 146.756 -12.8317
TH_KNU3_A -83.4071 154.564 -30.77
PALM_POSITION -2.12747 135.318 -1.71642
PALM_NORMAL -0.260199 -0.850896 -0.45637
