F4_KNU1_A -28.7338 156.05 -60.8011
F4_KNU1_B -20.4273 149.873 -22.2039
F4_KNU2_A -33.933 157.251 -82.6405
F4_KNU3_A -37.8629 156.88 -98.0345
F3_KNU1_A 2.77765 151.084 -65.1333
F3_KNU1_B -0.410415 145.288 -20.7908
F3_KNU2_A 3.44932 152.065 -91.5565
F3_KNU3_A 3.27514 151.469 -109.025
F1_KNU1_A 51.9527 118.02 -34.5436
F1_KNU1_B 32.7568 124.76 -8.70207
F1_KNU2_A 61.2338 112.962 -49.3506
F1_KNU3_A 68.4379 107.635 -62.6458
F2_KNU1_A 28.289 139.062 -54.8038
F2_KNU1_B 17.9615 136.708 -14.6179
F2_KNU2_A 33.2713 138.283 -80.0724
F2_KNU3_A 35.8685 136.599 -97.1733
TH_KNU1_A -59.5271 135.825 16.2891
TH_KNU1_B -30.8717 112.909 44.7412
TH_KNU2_A -75.6285 149.142 -7.5678
TH_KNU3_A -88.752 159.68 -21.3734
PALM_POSITION -2.47577 132.149 -0.974216
PALM_NORMAL -0.271843 -0.873199 -0.404507
