F4_KNU1_A -43.5817 140.102 -50.4555
F4_KNU1_B -38.0238 153.524 -10.0237
F4_KNU2_A -46.3761 129.337 -71.9148
F4_KNU3_A -48.1519 120.151 -86.2113
F3_KNU1_A -22.2198 167.393 -59.8365
F3_KNU1_B -16.2947 156.058 -13.364
F3_KNU2_A -25.9706 172.518 -87.5546
F3_KNU3_A -28.5916 174.985 -105.999
F1_KNU1_A 28.6592 165.097 -38.1744
F1_KNU1_B 26.6696 151.355 -5.65568
F1_KNU2_A 29.4322 171.886 -56.5009
F1_KNU3_A 29.8519 177.211 -72.8891
F2_KNU1_A 3.13486 171.197 -52.2561
F2_KNU1_B 6.29567 155.945 -10.3793
F2_KNU2_A 0.962827 179.824 -78.4907
F2_KNU3_A -0.630566 185.131 -96.3343
TH_KNU1_A -55.9528 143.857 34.489
TH_KNU1_B -21.1014 138.826 69.8702
TH_KNU2_A -78.3821 146.456 8.94142
TH_KNU3_A -97.8839 151.042 -3.15727
PALM_POSITION -9.40404 149.926 10.5793
PALM_NORMAL 0.00511058 -0.997066 -0.0763782
