F4_KNU1_A -31.2848 156.452 -50.5927
F4_KNU1_B -21.4734 151.539 -12.1675
F4_KNU2_A -39.5128 137.315 -59.0503
F4_KNU3_A -41.3093 123.627 -51.1786
F3_KNU1_A -3.87485 145.848 -55.8378
F3_KNU1_B -1.63628 146.157 -11.0615
F3_KNU2_A -16.238 123.771 -63.5445
F3_KNU3_A -22.532 111.306 -53.032
F1_KNU1_A 36.7714 119.868 -29.8648
F1_KNU1_B 31.1304 125.599 2.02601
F1_KNU2_A 25.634 106.833 -35.9492
F1_KNU3_A 14.3723 98.6145 -28.0323
F2_KNU1_A 19.2561 131.665 -45.7397
F2_KNU1_B 16.613 137.474 -4.67428
F2_KNU2_A 5.90226 110.588 -52.1736
F2_KNU3_A -3.02242 99.989 -41.6842
TH_KNU1_A -49.4837 123.57 16.9276
TH_KNU1_B -30.2839 123.507 59.2024
TH_KNU2_A -53.63 116.984 -13.8164
TH_KNU3_A -48.0901 107.502 -32.6124
PALM_POSITION -3.31839 135.63 10.2911
PALM_NORMAL -0.329974 -0.900892 -0.281975
