F4_KNU1_A -29.4522 159.884 -47.1281
F4_KNU1_B -16.127 160.765 -9.4644
F4_KNU2_A -38.8222 139.554 -49.2102
F4_KNU3_A -39.6191 128.49 -37.83
F3_KNU1_A -7.66125 143.144 -51.1173
F3_KNU1_B 2.92196 153.005 -8.68188
F3_KNU2_A -22.6511 121.605 -47.8041
F3_KNU3_A -26.7798 113.97 -32.6321
F1_KNU1_A 28.7497 120.835 -28.2074
F1_KNU1_B 33.0388 128.283 3.53896
F1_KNU2_A 14.6671 109.336 -27.5629
F1_KNU3_A 6.52716 104.228 -14.7294
F2_KNU1_A 12.8705 130.807 -42.0755
F2_KNU1_B 20.0243 142.007 -2.69932
F2_KNU2_A -3.94367 111.454 -39.494
F2_KNU3_A -10.5789 104.814 -24.8685
TH_KNU1_A -43.654 131.38 17.4991
TH_KNU1_B -27.8801 131.947 61.1644
TH_KNU2_A -46.9331 124.34 -13.2491
TH_KNU3_A -38.8509 112.299 -29.4835
PALM_POSITION 0.0944236 142.144 12.3807
PALM_NORMAL -0.437655 -0.846094 -0.304276
