F4_KNU1_A -50.1592 159.058 -50.8725
F4_KNU1_B -39.7262 150.311 -10.1244
F4_KNU2_A -56.18 162.144 -74.0767
F4_KNU3_A -60.5088 163.182 -90.5723
F3_KNU1_A -22.5512 165.448 -59.5929
F3_KNU1_B -17.9188 151.176 -13.7876
F3_KNU2_A -25.5102 172.984 -86.8526
F3_KNU3_A -27.5986 177.432 -104.991
F1_KNU1_A 30.6336 153.477 -39.9293
F1_KNU1_B 24.6869 143.442 -6.54954
F1_KNU2_A 33.3962 157.821 -58.7983
F1_KNU3_A 35.407 160.687 -75.6759
F2_KNU1_A 2.80195 164.304 -53.1878
F2_KNU1_B 4.64175 149.445 -11.0916
F2_KNU2_A 1.35843 172.606 -79.5769
F2_KNU3_A 0.200563 177.642 -97.5321
TH_KNU1_A -57.0136 140.388 33.7371
TH_KNU1_B -22.8068 135.736 69.7929
TH_KNU2_A -78.6033 142.292 7.41657
TH_KNU3_A -97.2458 146.616 -6.05511
PALM_POSITION -11.1613 144.952 10.1699
PALM_NORMAL -0.0693984 -0.995854 -0.0588116
