F4_KNU1_A -27.2913 153.74 -41.9414
F4_KNU1_B -20.6928 160.753 -3.15768
F4_KNU2_A -34.3616 132.755 -38.0612
F4_KNU3_A -34.6311 127.548 -23.0488
F3_KNU1_A -10.1012 147.924 -46.5876
F3_KNU1_B -0.921094 155.029 -3.28334
F3_KNU2_A -22.4846 125.054 -41.7697
F3_KNU3_A -23.694 119.45 -25.2574
F1_KNU1_A 17.9953 119.031 -18.207
F1_KNU1_B 32.1835 133.725 7.57027
F1_KNU2_A 6.74371 106.959 -10.5496
F1_KNU3_A 2.7262 102.467 4.30758
F2_KNU1_A 3.33575 122.765 -29.5425
F2_KNU1_B 17.5124 145.944 1.90384
F2_KNU2_A -10.3178 104.34 -17.7946
F2_KNU3_A -14.2345 100.266 -1.36042
TH_KNU1_A -41.3893 131.649 24.4047
TH_KNU1_B -25.8653 131.707 68.1631
TH_KNU2_A -45.7265 126.699 -6.6187
TH_KNU3_A -41.9844 118.721 -26.5239
PALM_POSITION -1.55359 144.183 17.9666
PALM_NORMAL -0.36121 -0.890631 -0.276233
