F4_KNU1_A -25.4792 173.651 -55.9082
F4_KNU1_B -20.5596 159.372 -18.9105
F4_KNU2_A -30.1864 174.705 -77.8665
F4_KNU3_A -34.3732 171.355 -92.8267
F3_KNU1_A 6.38405 169.152 -61.3562
F3_KNU1_B -0.455747 154.978 -19.3763
F3_KNU2_A 6.82419 170.48 -87.7691
F3_KNU3_A 5.11605 167.423 -104.894
F1_KNU1_A 55.1742 133.434 -35.7702
F1_KNU1_B 33.8287 134.529 -10.7729
F1_KNU2_A 62.9054 128.454 -51.4669
F1_KNU3_A 66.1045 121.243 -65.4245
F2_KNU1_A 31.5144 157.271 -53.0047
F2_KNU1_B 18.464 146.454 -15.0602
F2_KNU2_A 35.471 157.301 -78.4659
F2_KNU3_A 35.6013 153.548 -95.4341
TH_KNU1_A -56.3366 142.405 21.5623
TH_KNU1_B -24.7445 120.648 47.7227
TH_KNU2_A -73.6177 154.142 -2.29905
TH_KNU3_A -85.6592 162.329 -18.4812
PALM_POSITION -0.652547 141.33 0.201674
PALM_NORMAL -0.298531 -0.865901 -0.401367
