F4_KNU1_A -27.2842 169.21 -55.331
F4_KNU1_B -20.9905 153.713 -19.0391
F4_KNU2_A -31.5667 174.845 -76.67
F4_KNU3_A -34.981 176.944 -92.0483
F3_KNU1_A 5.51943 169.844 -59.5596
F3_KNU1_B -0.62314 150.764 -19.4565
F3_KNU2_A 7.95894 178.344 -84.4873
F3_KNU3_A 8.87487 182.318 -101.484
F1_KNU1_A 56.7155 137.977 -34.6165
F1_KNU1_B 35.0707 133.151 -10.3286
F1_KNU2_A 67.8351 139.213 -48.962
F1_KNU3_A 76.8981 139.199 -62.1873
F2_KNU1_A 30.1759 160.991 -51.0459
F2_KNU1_B 18.8739 143.782 -14.9461
F2_KNU2_A 36.2175 169.717 -74.5256
F2_KNU3_A 39.6947 174.415 -90.892
TH_KNU1_A -54.93 135.809 21.7984
TH_KNU1_B -22.1922 117.132 48.9132
TH_KNU2_A -74.4566 146.666 -0.70933
TH_KNU3_A -89.1191 154.958 -14.4984
PALM_POSITION 0.217711 137.828 0.582188
PALM_NORMAL -0.236308 -0.898617 -0.369658
