F4_KNU1_A -28.1587 170.077 -52.4079
F4_KNU1_B -21.5639 149.12 -19.0281
F4_KNU2_A -32.3672 179.289 -72.4795
F4_KNU3_A -35.609 184.115 -87.2699
F3_KNU1_A 3.12189 174.195 -55.3823
F3_KNU1_B -1.01215 147.99 -19.2405
F3_KNU2_A 4.75873 187.434 -78.2221
F3_KNU3_A 5.35075 194.77 -94.0759
F1_KNU1_A 56.789 145.579 -32.3276
F1_KNU1_B 36.0027 133.501 -9.88341
F1_KNU2_A 67.7525 150.964 -45.8099
F1_KNU3_A 76.9118 154.641 -58.4444
F2_KNU1_A 28.2188 166.796 -47.1585
F2_KNU1_B 18.9779 142.709 -14.5776
F2_KNU2_A 33.2812 180.109 -68.6307
F2_KNU3_A 36.2652 188.039 -83.8041
TH_KNU1_A -53.8215 128.119 20.9172
TH_KNU1_B -20.2406 111.81 48.5238
TH_KNU2_A -74.0112 137.827 -1.53029
TH_KNU3_A -89.4214 145.299 -14.9682
PALM_POSITION 0.758856 134.953 0.671649
PALM_NORMAL -0.151853 -0.911752 -0.38164
