F4_KNU1_A -28.3641 171.21 -48.6719
F4_KNU1_B -19.6545 145.934 -18.9708
F4_KNU2_A -33.5162 183.396 -66.8484
F4_KNU3_A -37.2793 190.627 -80.4906
F3_KNU1_A 1.15398 178.138 -51.1566
F3_KNU1_B 0.904284 146.951 -18.9486
F3_KNU2_A 0.790346 194.793 -71.7006
F3_KNU3_A 0.241368 204.662 -86.1168
F1_KNU1_A 57.3061 154.138 -30.3907
F1_KNU1_B 39.1512 135.751 -10.043
F1_KNU2_A 67.0157 163.21 -42.816
F1_KNU3_A 75.2419 170.258 -54.6353
F2_KNU1_A 26.9769 173.164 -42.8531
F2_KNU1_B 21.2978 143.453 -14.3549
F2_KNU2_A 30.0827 190.382 -61.7687
F2_KNU3_A 31.9087 201.194 -75.252
TH_KNU1_A -49.0847 120.247 18.6689
TH_KNU1_B -14.9906 104.357 45.8885
TH_KNU2_A -69.192 130.165 -3.76075
TH_KNU3_A -84.9908 137.563 -16.7817
PALM_POSITION 3.86481 132.815 0.0515608
PALM_NORMAL -0.0530118 -0.893834 -0.445253
