F4_KNU1_A -32.4015 181.099 -42.2628
F4_KNU1_B -21.6244 151.221 -18.0129
F4_KNU2_A -38.723 195.911 -57.9502
F4_KNU3_A -43.2953 204.932 -70.2084
F3_KNU1_A -3.89222 189.801 -44.4447
F3_KNU1_B -1.1657 153.467 -18.3211
F3_KNU2_A -6.11508 209.34 -62.1338
F3_KNU3_A -7.94717 220.923 -75.0952
F1_KNU1_A 52.3628 167.326 -29.2442
F1_KNU1_B 37.8968 143.689 -11.5329
F1_KNU2_A 59.9185 179.162 -40.8114
F1_KNU3_A 66.1228 188.436 -52.3237
F2_KNU1_A 22.1635 185.12 -37.7565
F2_KNU1_B 19.516 150.725 -14.5821
F2_KNU2_A 23.2649 205.066 -54.0318
F2_KNU3_A 23.658 217.532 -66.1341
TH_KNU1_A -47.5894 122.286 17.7057
TH_KNU1_B -12.7605 103.18 41.7408
TH_KNU2_A -68.0564 135.064 -2.87545
TH_KNU3_A -84.3365 144.021 -14.2164
PALM_POSITION 3.13448 137.549 -1.06702
PALM_NORMAL -0.0139545 -0.841532 -0.540027
