F4_KNU1_A -42.0546 225.444 -27.8673
F4_KNU1_B -31.9166 190.452 -11.4441
F4_KNU2_A -48.3407 243.278 -40.0271
F4_KNU3_A -53.0697 254.396 -50.3507
F3_KNU1_A -13.8976 232.676 -30.6714
F3_KNU1_B -11.4002 191.802 -12.4193
F3_KNU2_A -16.5127 254.823 -44.8928
F3_KNU3_A -18.9109 267.914 -56.2248
F1_KNU1_A 39.1911 207.094 -22.4049
F1_KNU1_B 27.3413 179.194 -9.64485
F1_KNU2_A 44.7013 221.309 -32.3315
F1_KNU3_A 48.5513 232.46 -43.189
F2_KNU1_A 12.2163 225.988 -25.7246
F2_KNU1_B 9.24877 187.489 -10.3577
F2_KNU2_A 12.8449 248.216 -38.7404
F2_KNU3_A 12.4837 261.818 -49.5524
TH_KNU1_A -56.1122 159.565 20.9304
TH_KNU1_B -23.0279 131.717 37.8335
TH_KNU2_A -74.9966 179.044 4.50658
TH_KNU3_A -88.5019 192.392 -6.13834
PALM_POSITION -7.20689 172.757 1.33864
PALM_NORMAL -0.082849 -0.723949 -0.68486
