F4_KNU1_A -47.0475 240.025 -42.3735
F4_KNU1_B -37.4364 210.125 -17.665
F4_KNU2_A -53.1749 253.738 -59.1023
F4_KNU3_A -57.8356 261.116 -72.3836
F3_KNU1_A -18.4271 245.111 -47.8897
F3_KNU1_B -16.9142 210.752 -19.1296
F3_KNU2_A -20.8439 261.593 -68.4348
F3_KNU3_A -23.3095 269.772 -83.6843
F1_KNU1_A 34.5158 220.573 -34.4587
F1_KNU1_B 21.5885 198.033 -14.2966
F1_KNU2_A 40.3666 230.827 -48.3006
F1_KNU3_A 44.2798 237.736 -62.2289
F2_KNU1_A 7.42883 239.118 -41.8805
F2_KNU1_B 3.66836 206.447 -16.4719
F2_KNU2_A 8.23415 256.293 -61.0716
F2_KNU3_A 7.80149 265.571 -75.7599
TH_KNU1_A -62.4985 185.851 20.3939
TH_KNU1_B -29.0109 162.408 42.4112
TH_KNU2_A -82.0416 201.271 0.745664
TH_KNU3_A -95.2992 211.819 -12.9239
PALM_POSITION -12.9075 194.797 -1.83865
PALM_NORMAL -0.109371 -0.845583 -0.52252
