F4_KNU1_A -54.8863 239.245 -45.0134
F4_KNU1_B -44.2785 214.038 -15.8763
F4_KNU2_A -61.4442 249.736 -63.7848
F4_KNU3_A -66.3011 254.565 -78.1252
F3_KNU1_A -25.7189 245.082 -50.5406
F3_KNU1_B -23.7713 214.949 -17.4003
F3_KNU2_A -28.2782 258.533 -73.1705
F3_KNU3_A -30.7562 264.48 -89.4191
F1_KNU1_A 28.3686 222.376 -34.7992
F1_KNU1_B 14.9792 203.557 -11.3841
F1_KNU2_A 34.4457 230.029 -50.1441
F1_KNU3_A 38.5303 234.309 -65.0455
F2_KNU1_A 0.254892 239.837 -44.4197
F2_KNU1_B -3.10825 211.349 -14.3492
F2_KNU2_A 0.917573 253.908 -65.9952
F2_KNU3_A 0.469765 260.878 -81.9087
TH_KNU1_A -69.3888 192.615 24.7161
TH_KNU1_B -34.9646 172.473 48.4876
TH_KNU2_A -90.0077 205.552 4.38743
TH_KNU3_A -104.478 214.53 -9.17309
PALM_POSITION -19.4631 200.809 1.33673
PALM_NORMAL -0.0908804 -0.893792 -0.439177
