F4_KNU1_A -54.4331 240.734 -47.0056
F4_KNU1_B -43.7029 217.471 -16.3366
F4_KNU2_A -61.0282 250.043 -66.3779
F4_KNU3_A -65.8943 254.025 -80.9732
F3_KNU1_A -25.0963 246.665 -52.6206
F3_KNU1_B -23.1983 218.345 -17.9162
F3_KNU2_A -27.5635 259.056 -75.8582
F3_KNU3_A -29.9483 264.358 -92.3422
F1_KNU1_A 29.3525 224.111 -36.0845
F1_KNU1_B 15.5766 207.329 -11.3806
F1_KNU2_A 35.7107 230.622 -51.8369
F1_KNU3_A 40.1165 233.961 -66.8864
F2_KNU1_A 0.856306 241.338 -46.6217
F2_KNU1_B -2.52691 214.935 -14.7077
F2_KNU2_A 1.61656 254.126 -68.9783
F2_KNU3_A 1.2908 260.302 -85.2194
TH_KNU1_A -68.8833 197.747 25.2599
TH_KNU1_B -34.2762 179.088 49.9578
TH_KNU2_A -89.9239 209.58 4.69221
TH_KNU3_A -104.788 217.857 -8.88859
PALM_POSITION -18.8535 205.136 1.48058
PALM_NORMAL -0.0894681 -0.914168 -0.395339
