F4_KNU1_A -54.3694 239.908 -49.566
F4_KNU1_B -43.7439 219.048 -17.1802
F4_KNU2_A -60.9165 247.843 -69.5564
F4_KNU3_A -65.7649 250.892 -84.3804
F3_KNU1_A -24.6936 245.152 -55.6735
F3_KNU1_B -23.236 219.608 -18.858
F3_KNU2_A -26.8327 256.068 -79.6707
F3_KNU3_A -28.9721 260.573 -96.4234
F1_KNU1_A 30.001 222.703 -37.6325
F1_KNU1_B 15.444 208.638 -11.7102
F1_KNU2_A 36.8396 227.727 -53.7246
F1_KNU3_A 41.7219 229.844 -68.8483
F2_KNU1_A 1.19773 239.83 -49.4566
F2_KNU1_B -2.59111 216.199 -15.4815
F2_KNU2_A 2.26296 250.954 -72.6741
F2_KNU3_A 2.17607 256.109 -89.2706
TH_KNU1_A -69.308 202.153 25.9645
TH_KNU1_B -34.5163 184.928 51.4327
TH_KNU2_A -90.5041 212.741 4.8842
TH_KNU3_A -105.449 220.191 -9.0809
PALM_POSITION -18.9696 207.634 1.34138
PALM_NORMAL -0.099838 -0.936804 -0.335308
