F4_KNU1_A -53.8654 236.173 -52.1909
F4_KNU1_B -42.9292 219.059 -17.7757
F4_KNU2_A -60.5918 242.159 -72.7911
F4_KNU3_A -65.5864 244.011 -87.7638
F3_KNU1_A -23.8713 240.102 -59.3089
F3_KNU1_B -22.4362 219.135 -19.7068
F3_KNU2_A -25.9507 248.476 -84.312
F3_KNU3_A -28.0244 251.496 -101.403
F1_KNU1_A 31.3092 218.688 -39.2683
F1_KNU1_B 16.1503 208.19 -12.0342
F1_KNU2_A 38.5342 221.838 -55.6647
F1_KNU3_A 43.8272 222.458 -70.7858
F2_KNU1_A 2.33715 234.653 -53.0079
F2_KNU1_B -1.80842 215.692 -16.2604
F2_KNU2_A 3.62511 242.831 -77.4087
F2_KNU3_A 3.69651 246.053 -94.486
TH_KNU1_A -68.7897 206.008 27.4406
TH_KNU1_B -33.4299 190.853 53.4368
TH_KNU2_A -90.0733 214.58 5.54789
TH_KNU3_A -105.739 221.108 -8.08465
PALM_POSITION -18.1198 208.884 1.40906
PALM_NORMAL -0.118236 -0.960521 -0.251832
