F4_KNU1_A -48.952 233.259 -52.9755
F4_KNU1_B -38.2127 219.172 -17.1547
F4_KNU2_A -55.6566 237.679 -73.9743
F4_KNU3_A -60.7031 238.561 -89.0179
F3_KNU1_A -18.8046 235.231 -60.7042
F3_KNU1_B -17.7483 218.316 -19.1975
F3_KNU2_A -20.7957 241.162 -86.4034
F3_KNU3_A -22.8878 242.599 -103.697
F1_KNU1_A 35.6937 213.583 -39.2069
F1_KNU1_B 20.4589 206.507 -10.9311
F1_KNU2_A 42.862 214.856 -55.879
F1_KNU3_A 48.046 213.894 -71.0199
F2_KNU1_A 7.31282 229.267 -54.136
F2_KNU1_B 2.76236 214.353 -15.6136
F2_KNU2_A 8.68467 234.784 -79.2679
F2_KNU3_A 8.71629 236.175 -96.5908
TH_KNU1_A -64.5892 211.31 30.0381
TH_KNU1_B -29.1955 196.057 55.9304
TH_KNU2_A -85.5193 219.149 7.53819
TH_KNU3_A -101.128 225.487 -6.2483
PALM_POSITION -13.6474 209.524 2.60783
PALM_NORMAL -0.156591 -0.971494 -0.177985
