F4_KNU1_A -45.562 238.897 -52.7407
F4_KNU1_B -35.6072 224.056 -16.9982
F4_KNU2_A -52.1791 244.007 -73.6104
F4_KNU3_A -57.3953 245.536 -88.544
F3_KNU1_A -15.1121 236.849 -61.3539
F3_KNU1_B -15.4091 220.932 -19.4424
F3_KNU2_A -16.6691 242.518 -87.1422
F3_KNU3_A -18.6971 243.989 -104.441
F1_KNU1_A 36.3748 209.615 -40.7195
F1_KNU1_B 21.452 205.128 -11.7563
F1_KNU2_A 43.0001 209.532 -57.6625
F1_KNU3_A 47.4303 207.474 -72.9329
F2_KNU1_A 10.1573 228.671 -54.9908
F2_KNU1_B 4.61982 214.797 -16.21
F2_KNU2_A 11.7985 233.859 -80.1765
F2_KNU3_A 11.8016 235.227 -97.5013
TH_KNU1_A -61.5744 220.595 31.3485
TH_KNU1_B -27.5578 201.163 56.2698
TH_KNU2_A -81.7564 230.668 9.05558
TH_KNU3_A -96.7592 238.743 -4.49421
PALM_POSITION -11.8129 212.063 2.42096
PALM_NORMAL -0.265712 -0.950974 -0.158257
