F4_KNU1_A -24.8854 244.618 -58.0814
F4_KNU1_B -22.8041 227.561 -22.0035
F4_KNU2_A -27.8855 252.742 -78.8284
F4_KNU3_A -31.1118 257.526 -93.6358
F3_KNU1_A -1.81279 223.042 -68.2711
F3_KNU1_B -7.81809 213.735 -24.8276
F3_KNU2_A -0.547108 227.097 -94.3777
F3_KNU3_A -1.0267 228.928 -111.754
F1_KNU1_A 22.809 172.992 -48.6219
F1_KNU1_B 14.241 180.122 -17.6791
F1_KNU2_A 24.4893 167.917 -66.0111
F1_KNU3_A 23.6987 162.727 -81.1598
F2_KNU1_A 13.3153 201.731 -62.5249
F2_KNU1_B 5.50563 197.509 -21.9258
F2_KNU2_A 15.3032 202.757 -88.1944
F2_KNU3_A 14.9691 202.514 -105.568
TH_KNU1_A -44.3423 239.412 26.7725
TH_KNU1_B -26.889 204.153 51.4298
TH_KNU2_A -55.8108 260.242 5.78814
TH_KNU3_A -63.843 275.546 -7.4465
PALM_POSITION -9.17633 204.393 -2.90807
PALM_NORMAL -0.753307 -0.64314 -0.137476
