F4_KNU1_A -38.4808 234.995 -61.5918
F4_KNU1_B -32.0136 218.695 -25.6839
F4_KNU2_A -43.3945 242.24 -82.2995
F4_KNU3_A -47.6091 246.15 -97.1151
F3_KNU1_A -7.77497 222.689 -70.023
F3_KNU1_B -13.5432 209.788 -27.4754
F3_KNU2_A -6.08381 228.34 -95.8069
F3_KNU3_A -5.95973 230.916 -113.095
F1_KNU1_A 30.979 181.918 -48.5925
F1_KNU1_B 16.5661 183.512 -19.0727
F1_KNU2_A 36.9545 179.442 -65.5962
F1_KNU3_A 40.64 176.102 -80.838
F2_KNU1_A 13.4623 205.812 -63.3239
F2_KNU1_B 3.5894 197.881 -23.742
F2_KNU2_A 17.7986 208.875 -88.5378
F2_KNU3_A 19.6585 209.843 -105.79
TH_KNU1_A -59.7008 220.438 19.602
TH_KNU1_B -34.8023 192.167 46.7423
TH_KNU2_A -75.8727 238.312 -1.00785
TH_KNU3_A -87.1673 250.909 -14.7051
PALM_POSITION -13.8379 199.573 -5.90799
PALM_NORMAL -0.526421 -0.823629 -0.210987
