F4_KNU1_A -43.912 226.204 -66.826
F4_KNU1_B -36.0468 211.223 -30.6238
F4_KNU2_A -49.4227 230.902 -88.1097
F4_KNU3_A -53.8817 231.865 -103.333
F3_KNU1_A -11.5698 226.062 -72.6118
F3_KNU1_B -15.7694 207.899 -31.8385
F3_KNU2_A -10.8155 233.063 -98.1072
F3_KNU3_A -11.3446 235.394 -115.422
F1_KNU1_A 34.819 199.754 -50.7581
F1_KNU1_B 20.2356 190.983 -22.614
F1_KNU2_A 41.2354 202.159 -67.6107
F1_KNU3_A 45.4568 202.318 -83.0769
F2_KNU1_A 13.8161 216.679 -64.8842
F2_KNU1_B 3.89436 201.215 -27.6081
F2_KNU2_A 18.3177 223.06 -89.4393
F2_KNU3_A 20.2994 225.345 -106.553
TH_KNU1_A -64.1771 204.663 13.5829
TH_KNU1_B -33.5464 183.603 41.4036
TH_KNU2_A -82.794 217.085 -8.8868
TH_KNU3_A -96.028 225.994 -23.6978
PALM_POSITION -13.8595 197.602 -10.3925
PALM_NORMAL -0.266447 -0.934157 -0.237394
