F4_KNU1_A -45.3747 220.144 -69.0086
F4_KNU1_B -37.1702 204.911 -32.9873
F4_KNU2_A -50.5363 224.032 -90.5418
F4_KNU3_A -54.3812 223.786 -105.96
F3_KNU1_A -14.4036 225.497 -73.7521
F3_KNU1_B -16.6093 204.96 -33.9602
F3_KNU2_A -14.3745 232.98 -99.1212
F3_KNU3_A -15.1149 235.001 -116.467
F1_KNU1_A 34.2107 207.012 -51.8612
F1_KNU1_B 21.5673 194.065 -24.3986
F1_KNU2_A 39.8894 211.307 -68.6027
F1_KNU3_A 43.6999 212.712 -84.1125
F2_KNU1_A 11.6232 220.137 -65.8626
F2_KNU1_B 3.832 201.538 -29.5245
F2_KNU2_A 15.2424 227.871 -90.1735
F2_KNU3_A 16.8841 230.641 -107.251
TH_KNU1_A -64.1135 193.232 10.4036
TH_KNU1_B -31.0302 177.331 38.8368
TH_KNU2_A -82.9379 201.927 -13.5923
TH_KNU3_A -96.8437 208.454 -29.0165
PALM_POSITION -13.2924 194.894 -12.5764
PALM_NORMAL -0.107206 -0.962655 -0.248601
