F4_KNU1_A -49.2066 206.98 -81.1452
F4_KNU1_B -38.962 193.353 -45.0033
F4_KNU2_A -53.5937 209.182 -103.085
F4_KNU3_A -55.6566 207.226 -118.72
F3_KNU1_A -23.3843 222.329 -84.5368
F3_KNU1_B -19.6605 200.482 -45.5642
F3_KNU2_A -25.0444 229.622 -109.907
F3_KNU3_A -25.7649 230.826 -127.33
F1_KNU1_A 26.2802 222.357 -61.183
F1_KNU1_B 19.6759 203.535 -35.0333
F1_KNU2_A 29.6885 229.159 -77.7081
F1_KNU3_A 32.3566 231.964 -93.2665
F2_KNU1_A 1.26457 227.014 -75.4979
F2_KNU1_B 0.587889 204.373 -40.655
F2_KNU2_A 1.9217 236.161 -99.5775
F2_KNU3_A 2.49528 239.03 -116.708
TH_KNU1_A -61.2816 172.863 -2.06255
TH_KNU1_B -25.5161 170.369 27.4401
TH_KNU2_A -78.2164 173.254 -28.8734
TH_KNU3_A -92.7654 174.011 -45.0483
PALM_POSITION -13.6209 192.413 -23.9309
PALM_NORMAL 0.237557 -0.943166 -0.232387
