F4_KNU1_A -52.4035 205.708 -82.2375
F4_KNU1_B -41.0945 193.373 -45.9489
F4_KNU2_A -56.829 207.414 -104.213
F4_KNU3_A -58.5655 205.263 -119.863
F3_KNU1_A -28.5291 223.468 -86.0007
F3_KNU1_B -22.6891 202.552 -46.7779
F3_KNU2_A -30.8849 230.573 -111.369
F3_KNU3_A -31.7143 231.891 -128.779
F1_KNU1_A 20.4083 229.65 -62.6557
F1_KNU1_B 16.1197 210.101 -36.557
F1_KNU2_A 22.9301 237.027 -79.0931
F1_KNU3_A 25.1799 240.458 -94.5919
F2_KNU1_A -5.05476 231.328 -76.8926
F2_KNU1_B -2.96748 208.732 -42.0765
F2_KNU2_A -5.6401 240.805 -100.846
F2_KNU3_A -5.57579 244.123 -117.905
TH_KNU1_A -60.5687 171.05 -2.79213
TH_KNU1_B -24.938 173.548 26.8727
TH_KNU2_A -76.6762 168.67 -30.007
TH_KNU3_A -91.0891 167.274 -46.2611
PALM_POSITION -15.7205 195.654 -25.0191
PALM_NORMAL 0.3382 -0.916383 -0.214159
