F4_KNU1_A -41.3491 170.045 -61.0578
F4_KNU1_B -35.8046 159.989 -19.6586
F4_KNU2_A -42.3822 153.103 -78.2659
F4_KNU3_A -41.1844 136.124 -76.7938
F3_KNU1_A -15.2684 173.443 -68.9437
F3_KNU1_B -13.9874 162.923 -21.9227
F3_KNU2_A -18.5347 152.294 -87.6702
F3_KNU3_A -20.3224 134.001 -83.756
F1_KNU1_A 33.7936 156.398 -47.3056
F1_KNU1_B 28.6488 158.59 -12.3915
F1_KNU2_A 29.5431 139.916 -56.9402
F1_KNU3_A 23.2538 124.633 -52.0452
F2_KNU1_A 10.0577 158.294 -62.307
F2_KNU1_B 8.44303 163.036 -17.909
F2_KNU2_A 6.1087 133.049 -73.0059
F2_KNU3_A 2.68988 116.542 -64.9483
TH_KNU1_A -50.3667 140.71 19.25
TH_KNU1_B -22.3092 143.146 60.4642
TH_KNU2_A -65.3694 137.155 -11.1603
TH_KNU3_A -68.3069 131.97 -33.7925
PALM_POSITION -8.09949 156.175 2.12225
PALM_NORMAL 0.0238052 -0.99417 -0.105159
