F4_KNU1_A -54.9885 203.839 -82.3217
F4_KNU1_B -43.1153 192.89 -45.7699
F4_KNU2_A -59.2907 205.03 -104.356
F4_KNU3_A -60.6709 202.699 -120.015
F3_KNU1_A -32.9844 223.477 -86.2876
F3_KNU1_B -25.6206 203.693 -46.7354
F3_KNU2_A -35.7873 230.13 -111.733
F3_KNU3_A -36.6277 231.299 -129.153
F1_KNU1_A 14.839 234.736 -62.7204
F1_KNU1_B 12.2948 214.949 -36.5723
F1_KNU2_A 16.7182 242.315 -79.1516
F1_KNU3_A 18.6909 245.968 -94.6374
F2_KNU1_A -10.5958 233.601 -77.2204
F2_KNU1_B -6.56467 211.737 -42.1093
F2_KNU2_A -11.9856 242.753 -101.267
F2_KNU3_A -12.1925 245.939 -118.35
TH_KNU1_A -60.026 169.267 -2.85599
TH_KNU1_B -25.5224 176.037 27.4664
TH_KNU2_A -75.3396 164.598 -30.2324
TH_KNU3_A -89.4128 161.368 -46.5229
PALM_POSITION -18.1429 197.883 -24.8283
PALM_NORMAL 0.421267 -0.885667 -0.195265
