F4_KNU1_A -62.2412 190.68 -83.6496
F4_KNU1_B -49.2413 185.001 -46.2913
F4_KNU2_A -66.3963 189.959 -105.732
F4_KNU3_A -67.2243 187.015 -121.327
F3_KNU1_A -45.2715 213.191 -89.6309
F3_KNU1_B -34.7631 199.5 -48.2526
F3_KNU2_A -49.2731 217.497 -115.419
F3_KNU3_A -50.5273 218.002 -132.846
F1_KNU1_A -1.88607 238.07 -66.899
F1_KNU1_B -0.534248 219.967 -39.4738
F1_KNU2_A -1.62151 245.524 -83.4921
F1_KNU3_A -0.568733 249.836 -98.8982
F2_KNU1_A -26.2344 229.69 -81.2308
F2_KNU1_B -18.1191 212.069 -44.4787
F2_KNU2_A -29.6123 237.416 -105.579
F2_KNU3_A -30.808 240.516 -122.637
TH_KNU1_A -59.2546 159.901 -1.90704
TH_KNU1_B -28.1625 177.743 27.601
TH_KNU2_A -72.9345 149.034 -28.3749
TH_KNU3_A -84.7375 141.082 -44.847
PALM_POSITION -26.1242 197.101 -26.1347
PALM_NORMAL 0.616882 -0.773913 -0.143231
