F4_KNU1_A -56.6639 185.973 -83.5426
F4_KNU1_B -44.1155 182.324 -45.7787
F4_KNU2_A -60.5291 184.619 -105.648
F4_KNU3_A -61.1694 181.573 -121.233
F3_KNU1_A -41.4027 209.538 -90.0585
F3_KNU1_B -30.7371 197.79 -48.1271
F3_KNU2_A -45.4228 213.162 -115.949
F3_KNU3_A -46.6628 213.526 -133.38
F1_KNU1_A 0.293295 238.119 -67.9184
F1_KNU1_B 1.92384 220.896 -39.9467
F1_KNU2_A 0.415499 245.561 -84.5186
F1_KNU3_A 1.35271 250.311 -99.8029
F2_KNU1_A -23.338 227.24 -82.314
F2_KNU1_B -15.0472 211.623 -44.7047
F2_KNU2_A -26.8555 234.289 -106.847
F2_KNU3_A -28.1848 237.337 -123.905
TH_KNU1_A -52.1814 156.879 -0.263383
TH_KNU1_B -22.4281 178.353 28.1873
TH_KNU2_A -64.7027 143.989 -26.394
TH_KNU3_A -75.7961 134.478 -42.5295
PALM_POSITION -21.9057 196.545 -25.9901
PALM_NORMAL 0.671422 -0.73004 -0.12741
