F4_KNU1_A -51.9639 183.057 -82.6417
F4_KNU1_B -40.198 180.33 -44.5494
F4_KNU2_A -55.4742 181.525 -104.795
F4_KNU3_A -55.9568 178.581 -120.405
F3_KNU1_A -36.9675 206.041 -89.768
F3_KNU1_B -27.3713 196.227 -47.0876
F3_KNU2_A -40.2631 208.655 -115.881
F3_KNU3_A -41.0048 208.477 -133.344
F1_KNU1_A 3.43877 237.088 -67.6658
F1_KNU1_B 4.57304 220.451 -39.3179
F1_KNU2_A 3.78324 244.486 -84.2828
F1_KNU3_A 4.86474 249.465 -99.4842
F2_KNU1_A -19.7555 225.391 -81.9495
F2_KNU1_B -12.1225 210.593 -43.8724
F2_KNU2_A -22.9973 232.351 -106.546
F2_KNU3_A -24.2426 235.632 -123.567
TH_KNU1_A -47.3594 155.048 1.37292
TH_KNU1_B -17.6603 177.383 29.2099
TH_KNU2_A -59.4969 141.944 -24.8326
TH_KNU3_A -70.3403 132.182 -40.9884
PALM_POSITION -18.2849 195.367 -25.0356
PALM_NORMAL 0.694311 -0.707565 -0.131466
