F4_KNU1_A -50.5078 183.063 -81.1951
F4_KNU1_B -39.6557 180.69 -42.8089
F4_KNU2_A -53.6481 181.43 -103.397
F4_KNU3_A -53.9991 178.501 -119.013
F3_KNU1_A -35.3879 205.298 -88.3145
F3_KNU1_B -26.6244 196.436 -45.2483
F3_KNU2_A -38.3013 207.41 -114.518
F3_KNU3_A -38.8821 206.972 -131.983
F1_KNU1_A 5.54048 236.241 -66.1188
F1_KNU1_B 5.77918 220.046 -37.4939
F1_KNU2_A 6.28745 243.484 -82.7905
F1_KNU3_A 7.63677 248.431 -97.981
F2_KNU1_A -17.7416 224.922 -80.409
F2_KNU1_B -11.1206 210.517 -41.9933
F2_KNU2_A -20.4826 231.766 -105.098
F2_KNU3_A -21.4854 235.073 -122.13
TH_KNU1_A -46.6695 154.905 2.71799
TH_KNU1_B -16.2157 176.157 30.5879
TH_KNU2_A -59.241 142.596 -23.6678
TH_KNU3_A -70.3206 133.395 -39.9913
PALM_POSITION -17.2684 195.067 -23.3353
PALM_NORMAL 0.681805 -0.715474 -0.152442
