F4_KNU1_A -49.8227 188.366 -79.5574
F4_KNU1_B -39.9838 184.765 -40.9941
F4_KNU2_A -53.0402 187.301 -101.782
F4_KNU3_A -53.8587 184.698 -117.438
F3_KNU1_A -31.2402 208.368 -86.4603
F3_KNU1_B -24.8097 198.497 -43.2026
F3_KNU2_A -33.5854 211.451 -112.625
F3_KNU3_A -34.2826 211.887 -130.085
F1_KNU1_A 14.2049 231.336 -64.5061
F1_KNU1_B 10.6309 217.086 -35.0802
F1_KNU2_A 16.7671 237.44 -81.4513
F1_KNU3_A 19.4568 241.388 -96.7558
F2_KNU1_A -10.6962 223.979 -78.7907
F2_KNU1_B -7.44965 210.152 -39.7347
F2_KNU2_A -11.7959 230.59 -103.671
F2_KNU3_A -11.9865 233.846 -120.741
TH_KNU1_A -50.7906 161.333 3.26514
TH_KNU1_B -17.7101 175.959 32.3776
TH_KNU2_A -65.8367 152.355 -23.1695
TH_KNU3_A -78.476 145.824 -39.6456
PALM_POSITION -15.8288 195.512 -21.2931
PALM_NORMAL 0.572078 -0.804308 -0.160669
