F4_KNU1_A -46.0166 199.71 -77.0903
F4_KNU1_B -37.6914 193.149 -38.5605
F4_KNU2_A -49.3631 200.086 -99.3186
F4_KNU3_A -50.8708 198.341 -115.042
F3_KNU1_A -22.7573 214.796 -83.4239
F3_KNU1_B -19.4672 202.535 -40.4253
F3_KNU2_A -23.9602 218.857 -109.532
F3_KNU3_A -24.3177 219.672 -126.989
F1_KNU1_A 27.18 223.839 -61.1066
F1_KNU1_B 19.4641 211.257 -31.7153
F1_KNU2_A 31.5706 228.586 -78.1113
F1_KNU3_A 35.4821 231.007 -93.4698
F2_KNU1_A 1.14158 223.619 -75.6248
F2_KNU1_B 0.26532 209.277 -36.6293
F2_KNU2_A 2.14387 229.948 -100.582
F2_KNU3_A 3.08745 232.649 -117.724
TH_KNU1_A -54.7762 173.258 5.22731
TH_KNU1_B -19.3277 177.94 34.8461
TH_KNU2_A -71.3148 169.189 -21.5248
TH_KNU3_A -85.2221 166.633 -38.0757
PALM_POSITION -11.8241 197.05 -18.4916
PALM_NORMAL 0.347565 -0.922378 -0.168575
