F4_KNU1_A -37.2395 222.409 -65.8283
F4_KNU1_B -30.3675 204.502 -30.7713
F4_KNU2_A -41.1545 227.936 -87.2657
F4_KNU3_A -43.8462 228.88 -102.9
F3_KNU1_A -8.70523 228.108 -71.6973
F3_KNU1_B -9.96239 206.73 -32.3088
F3_KNU2_A -8.84548 235.358 -97.1338
F3_KNU3_A -9.45217 236.803 -114.543
F1_KNU1_A 41.5279 212.594 -52.2167
F1_KNU1_B 29.4313 199.016 -24.8121
F1_KNU2_A 46.8885 216.543 -69.1469
F1_KNU3_A 50.3781 217.12 -84.7846
F2_KNU1_A 16.6958 225.183 -64.6477
F2_KNU1_B 10.8663 205.048 -28.7633
F2_KNU2_A 19.2092 232.785 -89.139
F2_KNU3_A 20.1781 234.783 -106.375
TH_KNU1_A -53.9722 186.686 11.6729
TH_KNU1_B -18.8949 171.697 38.144
TH_KNU2_A -71.234 194.482 -13.7634
TH_KNU3_A -85.4673 200.717 -29.0087
PALM_POSITION -4.88213 195.278 -11.9959
PALM_NORMAL -0.0201732 -0.943983 -0.329376
