F4_KNU1_A -45.4928 239.379 -53.5757
F4_KNU1_B -37.758 213.08 -24.4992
F4_KNU2_A -50.4397 250.408 -72.5312
F4_KNU3_A -54.186 255.58 -87.0836
F3_KNU1_A -16.6959 244.519 -59.8494
F3_KNU1_B -17.3531 213.944 -27.0658
F3_KNU2_A -17.8546 257.974 -82.5922
F3_KNU3_A -19.5074 263.759 -99.0033
F1_KNU1_A 31.7794 222.261 -47.7644
F1_KNU1_B 21.51 201.735 -24.2081
F1_KNU2_A 35.7526 230.835 -63.3102
F1_KNU3_A 37.7598 235.877 -78.3964
F2_KNU1_A 8.02867 238.812 -54.9856
F2_KNU1_B 3.39472 209.912 -25.4827
F2_KNU2_A 9.27914 252.96 -76.4844
F2_KNU3_A 9.10055 259.861 -92.4336
TH_KNU1_A -60.8741 188.37 15.2832
TH_KNU1_B -25.5318 165.957 35.3929
TH_KNU2_A -78.8293 202.224 -6.88506
TH_KNU3_A -93.0072 212.259 -20.0065
PALM_POSITION -12.2269 198.18 -9.89609
PALM_NORMAL -0.126509 -0.851061 -0.509598
