F4_KNU1_A -45.0014 249.191 -47.3753
F4_KNU1_B -36.8515 219.376 -22.0457
F4_KNU2_A -50.3019 262.416 -64.7659
F4_KNU3_A -54.3562 269.169 -78.5685
F3_KNU1_A -16.4444 254.999 -53.3903
F3_KNU1_B -16.4863 220.424 -24.8491
F3_KNU2_A -18.0471 271.361 -74.1106
F3_KNU3_A -20.0383 279.295 -89.5572
F1_KNU1_A 31.4335 231.621 -44.6807
F1_KNU1_B 22.3649 207.893 -23.7894
F1_KNU2_A 34.6769 242.31 -59.0401
F1_KNU3_A 36.0065 249.389 -73.3634
F2_KNU1_A 8.13931 248.522 -49.829
F2_KNU1_B 4.26661 216.204 -23.9909
F2_KNU2_A 8.826 265.204 -69.4547
F2_KNU3_A 8.21741 273.988 -84.4379
TH_KNU1_A -59.3989 191.512 16.1372
TH_KNU1_B -23.8772 166.761 32.9118
TH_KNU2_A -77.5686 207.801 -4.11792
TH_KNU3_A -91.1774 219.202 -16.7156
PALM_POSITION -11.1555 203.091 -9.33371
PALM_NORMAL -0.138192 -0.798629 -0.585743
