F4_KNU1_A -43.1346 252.147 -42.4136
F4_KNU1_B -34.5035 220.007 -20.2909
F4_KNU2_A -48.686 267.069 -58.2868
F4_KNU3_A -52.905 275.215 -71.2636
F3_KNU1_A -14.5094 259.156 -47.2748
F3_KNU1_B -14.1457 221.503 -22.9402
F3_KNU2_A -16.2106 278.091 -65.6642
F3_KNU3_A -18.1953 288.156 -79.8162
F1_KNU1_A 33.3297 235.928 -40.1771
F1_KNU1_B 24.8501 209.385 -22.7057
F1_KNU2_A 36.4696 248.777 -52.6675
F1_KNU3_A 37.8923 258.22 -65.5457
F2_KNU1_A 9.827 253.122 -43.4606
F2_KNU1_B 6.65416 217.474 -22.3362
F2_KNU2_A 10.2983 272.769 -60.1256
F2_KNU3_A 9.67236 284.111 -73.2781
TH_KNU1_A -56.5741 189.367 15.5605
TH_KNU1_B -21.0313 163.534 30.5651
TH_KNU2_A -74.9479 207.156 -3.19376
TH_KNU3_A -88.4847 219.452 -15.0022
PALM_POSITION -8.64476 203.108 -8.76507
PALM_NORMAL -0.127238 -0.753509 -0.645008
