F4_KNU1_A -44.6958 247.648 -34.9132
F4_KNU1_B -35.6909 212.45 -18.2717
F4_KNU2_A -50.5212 264.907 -48.0891
F4_KNU3_A -54.9762 275.007 -59.5223
F3_KNU1_A -16.2048 255.549 -37.8378
F3_KNU1_B -15.3084 214.189 -20.5581
F3_KNU2_A -18.1951 277.592 -52.3201
F3_KNU3_A -20.3717 290.204 -64.2247
F1_KNU1_A 35.9802 229.869 -33.6854
F1_KNU1_B 23.6994 202.116 -21.0109
F1_KNU2_A 41.6012 244.033 -43.6233
F1_KNU3_A 45.4347 255.148 -54.5229
F2_KNU1_A 8.89387 248.584 -35.4918
F2_KNU1_B 5.48949 210.131 -20.1018
F2_KNU2_A 9.57238 270.619 -48.8312
F2_KNU3_A 9.10745 283.928 -59.9965
TH_KNU1_A -57.7856 178.965 14.1876
TH_KNU1_B -22.6769 151.599 27.3887
TH_KNU2_A -76.3979 198.537 -2.43444
TH_KNU3_A -89.5466 211.965 -13.4197
PALM_POSITION -9.93163 194.585 -8.05359
PALM_NORMAL -0.119406 -0.691901 -0.71205
