F4_KNU1_A -45.3298 238.78 -34.4119
F4_KNU1_B -35.9836 202.921 -19.4563
F4_KNU2_A -51.4141 256.624 -46.6604
F4_KNU3_A -56.0958 267.264 -57.4968
F3_KNU1_A -16.9062 246.503 -37.3694
F3_KNU1_B -15.5857 204.514 -21.7115
F3_KNU2_A -19.0553 269.371 -50.4864
F3_KNU3_A -21.2883 282.895 -61.332
F1_KNU1_A 37.1324 219.431 -34.3916
F1_KNU1_B 23.2991 192.066 -22.4966
F1_KNU2_A 43.7385 233.536 -43.7923
F1_KNU3_A 48.5341 244.769 -54.1792
F2_KNU1_A 8.41232 239.095 -35.748
F2_KNU1_B 5.1707 200.237 -21.3722
F2_KNU2_A 9.01357 261.582 -48.3132
F2_KNU3_A 8.51467 275.356 -58.8982
TH_KNU1_A -58.1761 168.991 11.8677
TH_KNU1_B -23.5605 140.804 24.6369
TH_KNU2_A -77.5783 189.165 -3.04252
TH_KNU3_A -90.9704 203.008 -13.1873
PALM_POSITION -10.4003 184.546 -9.71198
PALM_NORMAL -0.126623 -0.672382 -0.729294
