F4_KNU1_A -43.4559 233.804 -40.1399
F4_KNU1_B -34.2564 199.188 -22.4197
F4_KNU2_A -49.3454 251.353 -52.8988
F4_KNU3_A -53.8836 262.256 -63.5334
F3_KNU1_A -15.1106 240.191 -44.383
F3_KNU1_B -13.8105 199.941 -24.677
F3_KNU2_A -16.9994 262.258 -58.8418
F3_KNU3_A -18.9176 275.584 -69.9891
F1_KNU1_A 40.0897 211.091 -39.3415
F1_KNU1_B 24.6313 186.166 -24.4589
F1_KNU2_A 47.8714 223.959 -49.58
F1_KNU3_A 53.9989 234.38 -60.1112
F2_KNU1_A 10.5567 232.163 -42.1719
F2_KNU1_B 6.78786 194.999 -23.9591
F2_KNU2_A 11.7733 253.79 -56.1267
F2_KNU3_A 11.8785 267.282 -67.0798
TH_KNU1_A -57.8964 167.618 10.4605
TH_KNU1_B -24.0614 139.717 25.708
TH_KNU2_A -78.0639 187.021 -4.45806
TH_KNU3_A -92.5649 200.308 -13.788
PALM_POSITION -9.33642 180.641 -11.3702
PALM_NORMAL -0.147506 -0.714162 -0.684263
