F4_KNU1_A -42.61 213.109 -63.2293
F4_KNU1_B -32.6727 187.271 -34.4101
F4_KNU2_A -48.8327 225.672 -80.8046
F4_KNU3_A -53.5935 233.182 -93.9765
F3_KNU1_A -13.3579 216.566 -70.0279
F3_KNU1_B -12.2472 186.459 -36.8262
F3_KNU2_A -15.0347 232.225 -91.2787
F3_KNU3_A -16.7588 241.171 -106.196
F1_KNU1_A 44.0159 187.055 -54.7152
F1_KNU1_B 25.778 172.555 -31.5025
F1_KNU2_A 53.5494 193.858 -68.6363
F1_KNU3_A 61.4346 198.818 -81.685
F2_KNU1_A 13.1417 209.152 -64.9598
F2_KNU1_B 8.20711 181.493 -34.3377
F2_KNU2_A 15.3804 224.76 -85.3391
F2_KNU3_A 16.3629 234.244 -99.8686
TH_KNU1_A -58.311 169.844 9.03417
TH_KNU1_B -23.5336 150.055 32.5859
TH_KNU2_A -80.3746 182.469 -9.92882
TH_KNU3_A -96.6622 191.738 -21.0045
PALM_POSITION -8.14884 173.472 -17.2274
PALM_NORMAL -0.17775 -0.914382 -0.363745
