F4_KNU1_A -45.5699 206.2 -66.4234
F4_KNU1_B -34.5024 184.128 -35.0026
F4_KNU2_A -52.4079 216.626 -85.1309
F4_KNU3_A -57.5904 222.645 -98.8956
F3_KNU1_A -16.063 208.733 -74.3104
F3_KNU1_B -14.112 183.059 -37.6078
F3_KNU2_A -18.1989 221.704 -97.2624
F3_KNU3_A -20.1993 228.865 -113.082
F1_KNU1_A 42.8019 180.499 -56.1315
F1_KNU1_B 24.0086 169.827 -31.34
F1_KNU2_A 52.6272 185.022 -70.7591
F1_KNU3_A 60.7555 187.863 -84.2836
F2_KNU1_A 10.6819 201.727 -69.0077
F2_KNU1_B 6.38404 178.398 -34.8842
F2_KNU2_A 12.5231 214.503 -91.308
F2_KNU3_A 13.2414 222.007 -106.967
TH_KNU1_A -59.9183 171.388 10.9442
TH_KNU1_B -24.3473 154.47 35.5261
TH_KNU2_A -82.642 181.78 -8.58549
TH_KNU3_A -99.7034 190.01 -19.3112
PALM_POSITION -9.71305 172.296 -16.7661
PALM_NORMAL -0.181352 -0.948726 -0.258903
