F4_KNU1_A -53.524 189.162 -70.6673
F4_KNU1_B -38.9304 177.725 -35.2679
F4_KNU2_A -62.2225 193.465 -90.9468
F4_KNU3_A -68.6288 195.138 -105.394
F3_KNU1_A -22.2616 190.891 -80.5198
F3_KNU1_B -18.5579 176.891 -38.0898
F3_KNU2_A -25.2695 196.792 -106.127
F3_KNU3_A -27.7359 199.242 -123.257
F1_KNU1_A 39.4939 169.835 -56.4594
F1_KNU1_B 20.204 166.924 -29.9808
F1_KNU2_A 49.703 170.054 -71.5157
F1_KNU3_A 58.2796 169.14 -85.0306
F2_KNU1_A 5.19365 185.552 -74.6523
F2_KNU1_B 2.16471 173.773 -34.9135
F2_KNU2_A 6.4236 191.118 -99.7808
F2_KNU3_A 6.85224 193.79 -116.948
TH_KNU1_A -63.7981 175.038 14.2272
TH_KNU1_B -26.3352 165.255 39.8515
TH_KNU2_A -87.6718 179.806 -6.09714
TH_KNU3_A -106.112 185.569 -16.1278
PALM_POSITION -13.3516 171.314 -15.4758
PALM_NORMAL -0.143724 -0.989064 -0.0331101
