F4_KNU1_A -56.4478 177.083 -72.327
F4_KNU1_B -40.5073 173.71 -35.8384
F4_KNU2_A -65.84 176.607 -92.7475
F4_KNU3_A -72.6794 174.799 -106.978
F3_KNU1_A -23.7988 177.852 -83.0555
F3_KNU1_B -20.1285 172.969 -38.6403
F3_KNU2_A -26.751 178.068 -109.339
F3_KNU3_A -29.1507 176.628 -126.593
F1_KNU1_A 37.9986 162.141 -55.9294
F1_KNU1_B 18.9093 165.403 -29.3464
F1_KNU2_A 48.0212 158.733 -70.7245
F1_KNU3_A 56.3725 154.501 -83.7398
F2_KNU1_A 4.03113 172.923 -76.5377
F2_KNU1_B 0.679288 170.925 -35.1629
F2_KNU2_A 5.42749 172.031 -102.251
F2_KNU3_A 5.95466 170.156 -119.52
TH_KNU1_A -65.5662 178.049 14.2279
TH_KNU1_B -27.3578 173.513 40.2151
TH_KNU2_A -89.5017 178.319 -6.5756
TH_KNU3_A -108.37 182.061 -16.766
PALM_POSITION -14.7073 171.148 -15.4695
PALM_NORMAL -0.117442 -0.985381 0.12342
