F4_KNU1_A -57.7145 167.835 -71.1391
F4_KNU1_B -41.8039 170.651 -34.5903
F4_KNU2_A -66.982 164.049 -91.2692
F4_KNU3_A -73.6733 160.043 -105.116
F3_KNU1_A -25.3053 165.662 -81.6776
F3_KNU1_B -21.3991 170.035 -37.2294
F3_KNU2_A -28.3089 160.411 -107.427
F3_KNU3_A -30.6803 155.428 -124.012
F1_KNU1_A 36.8967 157.96 -52.9343
F1_KNU1_B 17.7425 164.472 -27.0037
F1_KNU2_A 46.9782 152.763 -67.1584
F1_KNU3_A 55.4026 146.981 -79.5132
F2_KNU1_A 3.28982 164.724 -74.6488
F2_KNU1_B -0.57102 168.871 -33.4785
F2_KNU2_A 5.06917 160.071 -99.9296
F2_KNU3_A 5.89687 155.715 -116.733
TH_KNU1_A -67.2561 180.095 14.604
TH_KNU1_B -29.0589 179.665 40.9967
TH_KNU2_A -90.9705 177.102 -6.23917
TH_KNU3_A -109.955 179.283 -16.6658
PALM_POSITION -16.0636 171.063 -13.9901
PALM_NORMAL -0.0968485 -0.966448 0.237905
