F4_KNU1_A -57.9539 160.871 -69.7791
F4_KNU1_B -42.5298 169.132 -33.8521
F4_KNU2_A -66.8396 154.334 -89.3688
F4_KNU3_A -73.2069 148.607 -102.756
F3_KNU1_A -25.2128 159.515 -80.0077
F3_KNU1_B -22.0889 168.595 -36.2148
F3_KNU2_A -27.6597 151.751 -105.174
F3_KNU3_A -29.6105 145.279 -121.293
F1_KNU1_A 35.6615 155.593 -50.8432
F1_KNU1_B 16.9911 164.258 -25.1911
F1_KNU2_A 45.5162 149.373 -64.8132
F1_KNU3_A 53.7878 142.825 -76.8858
F2_KNU1_A 3.05289 158.112 -72.3
F2_KNU1_B -1.29484 167.961 -32.1604
F2_KNU2_A 5.13822 149.93 -96.6444
F2_KNU3_A 6.18089 143.238 -112.649
TH_KNU1_A -68.6857 181.035 14.3346
TH_KNU1_B -30.8004 183.549 41.0587
TH_KNU2_A -92.2737 176.097 -6.28063
TH_KNU3_A -111.434 177.621 -16.5005
PALM_POSITION -17.045 171.307 -13.046
PALM_NORMAL -0.0881191 -0.948695 0.303666
