F4_KNU1_A -56.96 157.989 -68.4378
F4_KNU1_B -42.3836 170.136 -33.2686
F4_KNU2_A -65.3631 149.225 -87.3594
F4_KNU3_A -71.3828 141.92 -100.125
F3_KNU1_A -23.9467 155.305 -77.7809
F3_KNU1_B -21.9103 169.494 -35.3007
F3_KNU2_A -25.812 144.334 -101.776
F3_KNU3_A -27.4098 135.677 -116.876
F1_KNU1_A 34.4888 154.27 -48.5833
F1_KNU1_B 17.0267 166.262 -23.4247
F1_KNU2_A 43.5599 146.1 -62.0718
F1_KNU3_A 51.0527 137.786 -73.5516
F2_KNU1_A 3.59941 154.789 -69.5784
F2_KNU1_B -1.17259 169.291 -30.9258
F2_KNU2_A 5.81026 143.395 -92.583
F2_KNU3_A 6.85773 134.393 -107.411
TH_KNU1_A -69.3454 184.974 13.7246
TH_KNU1_B -31.7429 190.793 40.3326
TH_KNU2_A -92.6796 177.606 -6.44953
TH_KNU3_A -111.908 178.135 -16.6403
PALM_POSITION -17.1975 174.148 -12.3721
PALM_NORMAL -0.0892369 -0.920492 0.380436
