F4_KNU1_A -49.6451 167.598 -46.0211
F4_KNU1_B -41.0879 200.708 -20.0163
F4_KNU2_A -43.9731 150.941 -29.4503
F4_KNU3_A -38.525 150.992 -13.2566
F3_KNU1_A -29.7692 162.872 -48.1141
F3_KNU1_B -18.9628 200.839 -20.4555
F3_KNU2_A -32.6599 145.08 -26.1203
F3_KNU3_A -31.3041 145.881 -7.39434
F1_KNU1_A 10.9709 161.724 -31.7926
F1_KNU1_B 21.8026 187.865 -10.5896
F1_KNU2_A 1.21566 152.352 -17.6664
F1_KNU3_A -2.22671 154.085 -0.865994
F2_KNU1_A -8.11906 161.211 -40.6049
F2_KNU1_B 2.88164 196.556 -15.5854
F2_KNU2_A -14.8897 145.391 -18.8957
F2_KNU3_A -15.4624 146.737 -0.269089
TH_KNU1_A -64.6096 161.046 11.88
TH_KNU1_B -36.5315 161.822 53.1448
TH_KNU2_A -73.5323 156.605 -20.7263
TH_KNU3_A -62.3038 149.24 -39.8941
PALM_POSITION -16.004 187.279 1.12544
PALM_NORMAL -0.0994588 -0.924789 -0.367252
