F4_KNU1_A -55.0306 156.971 -62.2066
F4_KNU1_B -42.4235 176.952 -29.9776
F4_KNU2_A -62.2012 143.081 -78.3651
F4_KNU3_A -67.2326 131.869 -88.4416
F3_KNU1_A -22.7095 155.277 -71.0977
F3_KNU1_B -21.9302 177.035 -31.9059
F3_KNU2_A -23.9057 139.17 -92.044
F3_KNU3_A -25.0953 126.881 -104.417
F1_KNU1_A 34.2035 159.452 -41.2132
F1_KNU1_B 17.0387 177.467 -19.707
F1_KNU2_A 42.7486 147.476 -51.9148
F1_KNU3_A 49.4759 135.607 -60.3362
F2_KNU1_A 4.71475 155.129 -61.4122
F2_KNU1_B -1.2368 178.486 -27.5573
F2_KNU2_A 7.42519 137.607 -80.1087
F2_KNU3_A 8.67379 124.299 -91.2151
TH_KNU1_A -69.0258 188.99 17.5351
TH_KNU1_B -33.2924 208.474 39.8797
TH_KNU2_A -90.4382 172.238 1.20625
TH_KNU3_A -109.686 167.238 -7.64812
PALM_POSITION -17.6024 185.163 -9.88802
PALM_NORMAL -0.0466769 -0.859509 0.508984
