F4_KNU1_A -54.5572 153.993 -57.648
F4_KNU1_B -43.6378 178.081 -27.691
F4_KNU2_A -60.52 137.521 -71.7388
F4_KNU3_A -64.5303 124.464 -79.8629
F3_KNU1_A -23.7958 152.203 -66.0859
F3_KNU1_B -23.2166 178.963 -30.1193
F3_KNU2_A -24.8089 132.679 -83.901
F3_KNU3_A -25.828 118.09 -93.474
F1_KNU1_A 31.5773 160.412 -38.3862
F1_KNU1_B 15.9483 181.821 -18.9161
F1_KNU2_A 39.1054 146.541 -47.4342
F1_KNU3_A 44.8317 133.106 -54.0491
F2_KNU1_A 3.19463 153.34 -56.315
F2_KNU1_B -2.52133 181.578 -26.364
F2_KNU2_A 5.79297 132.884 -71.766
F2_KNU3_A 6.99703 117.782 -80.2807
TH_KNU1_A -62.8004 181.889 22.0019
TH_KNU1_B -34.437 213.916 40.0454
TH_KNU2_A -75.9064 156.047 9.11007
TH_KNU3_A -90.0719 141.758 0.802125
PALM_POSITION -18.7861 188.52 -8.70378
PALM_NORMAL 0.00375624 -0.830254 0.557373
