F4_KNU1_A -53.0136 151.617 -55.0141
F4_KNU1_B -43.3458 178.379 -26.956
F4_KNU2_A -58.1686 133.516 -67.3107
F4_KNU3_A -61.5393 119.386 -73.7559
F3_KNU1_A -22.9768 150.672 -63.777
F3_KNU1_B -22.9128 179.294 -29.2693
F3_KNU2_A -23.7077 130.15 -80.4475
F3_KNU3_A -24.5534 115.008 -89.1381
F1_KNU1_A 31.1509 159.541 -36.0141
F1_KNU1_B 16.1673 182.52 -17.8711
F1_KNU2_A 38.252 144.936 -44.2127
F1_KNU3_A 43.5752 130.978 -50.035
F2_KNU1_A 3.48351 152.489 -54.0617
F2_KNU1_B -2.25243 182.061 -25.4317
F2_KNU2_A 6.10508 131.436 -68.6849
F2_KNU3_A 7.33742 116.054 -76.6784
TH_KNU1_A -58.8157 179.634 23.2286
TH_KNU1_B -34.7221 215.542 40.1379
TH_KNU2_A -68.566 151.823 11.5134
TH_KNU3_A -80.4601 135.38 3.6368
PALM_POSITION -18.6581 189.277 -8.01308
PALM_NORMAL 0.0032749 -0.819396 0.573219
