F4_KNU1_A -50.7237 149.89 -52.2398
F4_KNU1_B -42.2062 179.502 -26.7941
F4_KNU2_A -55.1976 130.435 -62.5809
F4_KNU3_A -58.0788 115.581 -67.4385
F3_KNU1_A -21.5094 148.548 -60.8093
F3_KNU1_B -21.7589 180.198 -29.0571
F3_KNU2_A -22.0853 126.623 -75.5933
F3_KNU3_A -22.8421 110.799 -82.9786
F1_KNU1_A 31.2375 158.978 -34.3829
F1_KNU1_B 17.2973 183.61 -17.631
F1_KNU2_A 37.5653 143.466 -41.4759
F1_KNU3_A 42.0758 128.794 -46.1053
F2_KNU1_A 4.50051 151.743 -52.0783
F2_KNU1_B -1.09589 182.979 -25.2437
F2_KNU2_A 6.95751 129.772 -65.3139
F2_KNU3_A 8.04042 113.871 -72.2427
TH_KNU1_A -52.7269 179.634 23.7492
TH_KNU1_B -33.5989 219.149 38.8647
TH_KNU2_A -59.7363 150.406 13.6316
TH_KNU3_A -68.4468 131.757 6.54509
PALM_POSITION -17.521 190.96 -8.18092
PALM_NORMAL -0.00425255 -0.796871 0.604135
