F4_KNU1_A -51.9974 152.734 -51.0848
F4_KNU1_B -43.5531 183.257 -26.7137
F4_KNU2_A -56.4404 132.648 -60.1522
F4_KNU3_A -59.2829 117.431 -63.748
F3_KNU1_A -23.5986 150.579 -59.6216
F3_KNU1_B -23.0969 183.324 -29.0029
F3_KNU2_A -24.8146 127.835 -73.0687
F3_KNU3_A -26.0769 111.516 -79.2033
F1_KNU1_A 28.055 160.326 -35.0533
F1_KNU1_B 16.0608 185.506 -17.6236
F1_KNU2_A 33.0184 144.315 -42.1238
F1_KNU3_A 36.1238 129.184 -46.4175
F2_KNU1_A 1.79608 153.702 -51.698
F2_KNU1_B -2.35285 185.458 -25.2127
F2_KNU2_A 3.04929 131.056 -63.9263
F2_KNU3_A 3.16944 114.667 -69.7042
TH_KNU1_A -47.0012 181.402 22.047
TH_KNU1_B -33.638 222.511 38.9972
TH_KNU2_A -51.8158 152.113 10.8796
TH_KNU3_A -57.8002 132.742 2.95281
PALM_POSITION -18.5011 193.915 -8.11512
PALM_NORMAL -0.0281443 -0.797351 0.60286
