F4_KNU1_A -46.7302 170.137 -61.9078
F4_KNU1_B -38.4951 190.877 -28.7578
F4_KNU2_A -50.2412 151.724 -74.3207
F4_KNU3_A -51.8048 136.496 -78.5861
F3_KNU1_A -20.3457 170.616 -71.4964
F3_KNU1_B -18.2582 192.227 -32.271
F3_KNU2_A -22.6063 149.579 -87.3683
F3_KNU3_A -24.4585 133.027 -92.673
F1_KNU1_A 31.0948 173.35 -49.1078
F1_KNU1_B 21.6123 191.63 -23.4641
F1_KNU2_A 33.227 158.168 -58.9021
F1_KNU3_A 32.7614 142.831 -63.5497
F2_KNU1_A 4.83351 171.418 -64.4992
F2_KNU1_B 2.69871 193.562 -29.3971
F2_KNU2_A 4.05017 149.987 -78.7842
F2_KNU3_A 2.4689 133.262 -83.2323
TH_KNU1_A -33.618 172.217 16.0019
TH_KNU1_B -23.9814 206.892 45.3363
TH_KNU2_A -38.4228 148.14 -4.07268
TH_KNU3_A -42.0493 131.68 -17.8495
PALM_POSITION -12.1984 195.573 -9.43073
PALM_NORMAL 0.0179934 -0.950445 0.310371
