F4_KNU1_A -58.1259 167.086 -58.3268
F4_KNU1_B -46.5262 196.054 -28.7959
F4_KNU2_A -51.5601 147.022 -46.5573
F4_KNU3_A -44.4702 143.842 -31.3407
F3_KNU1_A -34.9139 163.781 -63.7811
F3_KNU1_B -24.5576 197.562 -30.9953
F3_KNU2_A -36.4831 141.548 -46.1214
F3_KNU3_A -34.4428 139.084 -27.6038
F1_KNU1_A 12.8024 163.373 -49.2298
F1_KNU1_B 17.6142 187.605 -23.9333
F1_KNU2_A 1.92201 150.778 -38.9576
F1_KNU3_A -4.22855 150.087 -22.8703
F2_KNU1_A -11.2257 163.633 -58.357
F2_KNU1_B -2.16803 194.87 -27.7229
F2_KNU2_A -16.82 142.753 -41.0328
F2_KNU3_A -17.2048 140.557 -22.4823
TH_KNU1_A -67.8216 160.307 8.61308
TH_KNU1_B -33.7957 160.593 45.1361
TH_KNU2_A -76.3072 154.839 -23.9539
TH_KNU3_A -65.0405 147.726 -43.1943
PALM_POSITION -19.0578 185.12 -9.23931
PALM_NORMAL -0.0660286 -0.943624 -0.324366
