F4_KNU1_A -38.1592 181.763 -65.4592
F4_KNU1_B -31.2066 193.557 -27.9165
F4_KNU2_A -41.2129 166.167 -81.3607
F4_KNU3_A -42.5541 151.753 -87.9178
F3_KNU1_A -12.4313 183.299 -74.0334
F3_KNU1_B -10.8864 195.109 -30.8112
F3_KNU2_A -14.858 165.428 -93.3813
F3_KNU3_A -17.0114 149.708 -100.714
F1_KNU1_A 38.7196 177.698 -49.685
F1_KNU1_B 28.7973 191.9 -21.7287
F1_KNU2_A 40.5115 163.855 -61.3517
F1_KNU3_A 39.3719 149.18 -67.7084
F2_KNU1_A 12.8721 179.951 -65.9188
F2_KNU1_B 10.0365 195.382 -27.4356
F2_KNU2_A 12.0492 161.076 -83.44
F2_KNU3_A 10.2031 145.191 -90.2424
TH_KNU1_A -28.1698 165.837 13.0342
TH_KNU1_B -17.742 194.456 48.0767
TH_KNU2_A -32.4361 145.654 -11.0533
TH_KNU3_A -33.5951 131.511 -27.5612
PALM_POSITION -5.18151 193.79 -7.67451
PALM_NORMAL -0.00617181 -0.992924 0.11859
