F4_KNU1_A -41.6674 200.836 -70.1092
F4_KNU1_B -34.5454 199.434 -30.8128
F4_KNU2_A -45.3132 191.566 -90.2638
F4_KNU3_A -47.2886 180.214 -101.208
F3_KNU1_A -15.7793 203.691 -78.1649
F3_KNU1_B -14.1851 200.926 -33.4454
F3_KNU2_A -18.7419 192.99 -102.171
F3_KNU3_A -21.4674 180.389 -113.974
F1_KNU1_A 35.2528 188.077 -56.9262
F1_KNU1_B 25.3541 193.839 -26.0959
F1_KNU2_A 36.3359 177.501 -71.6892
F1_KNU3_A 34.1109 164.629 -80.9844
F2_KNU1_A 10.0348 196.415 -71.713
F2_KNU1_B 6.73874 199.463 -30.3977
F2_KNU2_A 8.78476 182.893 -93.611
F2_KNU3_A 6.31188 169.069 -103.848
TH_KNU1_A -34.9024 161.012 2.01394
TH_KNU1_B -20.8914 179.149 42.3934
TH_KNU2_A -40.1074 147.588 -26.2434
TH_KNU3_A -40.5569 137.845 -45.7047
PALM_POSITION -8.48886 193.156 -11.6102
PALM_NORMAL -0.046432 -0.986822 -0.155006
