F4_KNU1_A -45.7239 209.199 -68.7705
F4_KNU1_B -38.713 199.914 -30.5405
F4_KNU2_A -49.3808 203.18 -90.1207
F4_KNU3_A -51.337 193.291 -102.407
F3_KNU1_A -19.547 212.13 -76.3552
F3_KNU1_B -18.3202 201.562 -32.8025
F3_KNU2_A -22.8869 203.771 -101.226
F3_KNU3_A -25.9959 191.652 -113.432
F1_KNU1_A 31.013 192.979 -58.9179
F1_KNU1_B 21.0388 192.007 -27.5927
F1_KNU2_A 30.7911 184.441 -74.9808
F1_KNU3_A 26.6873 172.482 -84.8393
F2_KNU1_A 6.34877 204.283 -71.3325
F2_KNU1_B 2.56068 198.929 -30.2949
F2_KNU2_A 4.25242 193.113 -94.4576
F2_KNU3_A 0.807 179.683 -104.937
TH_KNU1_A -47.5517 158.175 -5.45589
TH_KNU1_B -25.634 161.841 35.3114
TH_KNU2_A -58.2607 154.507 -35.0805
TH_KNU3_A -62.3448 151.206 -56.2064
PALM_POSITION -12.8344 188.505 -13.5929
PALM_NORMAL -0.0682097 -0.916458 -0.394275
