F4_KNU1_A -44.4512 206.169 -68.3094
F4_KNU1_B -37.9702 196.6 -30.0559
F4_KNU2_A -47.7189 200.13 -89.7173
F4_KNU3_A -49.3966 190.23 -102.035
F3_KNU1_A -17.8093 208.874 -75.4239
F3_KNU1_B -17.5368 198.317 -31.8523
F3_KNU2_A -20.659 200.393 -100.315
F3_KNU3_A -23.5377 188.268 -112.571
F1_KNU1_A 32.1499 189.833 -57.6308
F1_KNU1_B 21.7045 188.376 -26.4786
F1_KNU2_A 31.905 181.483 -73.7923
F1_KNU3_A 27.6329 169.696 -83.7853
F2_KNU1_A 8.12459 201.371 -69.9751
F2_KNU1_B 3.29048 195.49 -29.1199
F2_KNU2_A 6.41534 190.344 -93.2006
F2_KNU3_A 3.05778 176.999 -103.815
TH_KNU1_A -50.7415 157.245 -5.54394
TH_KNU1_B -26.1574 154.842 33.7707
TH_KNU2_A -63.6947 157.797 -34.4866
TH_KNU3_A -70.5459 157.624 -55.1483
PALM_POSITION -12.4239 184.183 -13.3133
PALM_NORMAL -0.0625814 -0.892602 -0.44648
