F4_KNU1_A -43.6166 201.706 -68.0686
F4_KNU1_B -37.3003 193.264 -29.5234
F4_KNU2_A -46.7998 195.389 -89.4087
F4_KNU3_A -48.4716 185.572 -101.794
F3_KNU1_A -16.7803 204.527 -75.0035
F3_KNU1_B -16.8504 194.884 -31.2197
F3_KNU2_A -19.4454 196.177 -99.959
F3_KNU3_A -22.2595 184.458 -112.619
F1_KNU1_A 32.7766 185.53 -57.154
F1_KNU1_B 22.3056 184.537 -25.9921
F1_KNU2_A 32.5973 177.364 -73.4097
F1_KNU3_A 28.4498 165.917 -83.8406
F2_KNU1_A 9.08424 197.516 -69.3505
F2_KNU1_B 3.94883 191.843 -28.5026
F2_KNU2_A 7.69508 187.339 -92.9816
F2_KNU3_A 4.56578 174.788 -104.587
TH_KNU1_A -53.9261 159.446 -2.53742
TH_KNU1_B -25.9619 149.822 33.256
TH_KNU2_A -69.3664 164.918 -29.6929
TH_KNU3_A -79.1799 168.434 -48.8032
PALM_POSITION -11.8892 180.25 -13.031
PALM_NORMAL -0.0674285 -0.880546 -0.46914
