F4_KNU1_A -44.2448 197.31 -69.0673
F4_KNU1_B -38.1267 189.229 -30.4129
F4_KNU2_A -47.2852 192.094 -90.7232
F4_KNU3_A -48.9423 183.569 -104.033
F3_KNU1_A -16.617 200.631 -75.8582
F3_KNU1_B -17.6942 191.096 -32.0639
F3_KNU2_A -18.2968 194.267 -101.476
F3_KNU3_A -20.4386 184.492 -115.807
F1_KNU1_A 32.2621 182.072 -58.1206
F1_KNU1_B 21.5654 181.047 -27.0365
F1_KNU2_A 33.3646 175.412 -75.0142
F1_KNU3_A 30.9917 165.615 -87.4815
F2_KNU1_A 8.85337 194.553 -70.0732
F2_KNU1_B 3.13464 188.215 -29.4011
F2_KNU2_A 8.7984 187.38 -94.8213
F2_KNU3_A 6.89797 177.451 -108.957
TH_KNU1_A -56.3002 157.978 -1.4236
TH_KNU1_B -26.3571 144.585 31.4375
TH_KNU2_A -73.2709 166.187 -26.9257
TH_KNU3_A -85.6389 172.022 -43.8629
PALM_POSITION -12.5869 176.132 -14.1869
PALM_NORMAL -0.0581524 -0.871054 -0.487733
