F4_KNU1_A -42.5966 195.615 -69.3334
F4_KNU1_B -36.8919 187.442 -30.6352
F4_KNU2_A -45.5252 191.376 -91.2169
F4_KNU3_A -47.2262 183.886 -105.13
F3_KNU1_A -14.4589 199.016 -75.9443
F3_KNU1_B -16.4496 189.246 -32.2339
F3_KNU2_A -15.5378 193.546 -101.8
F3_KNU3_A -17.3249 184.584 -116.7
F1_KNU1_A 34.3496 180.029 -57.7553
F1_KNU1_B 22.7686 179.148 -26.9853
F1_KNU2_A 36.1536 173.648 -74.6964
F1_KNU3_A 34.4568 164.208 -87.5433
F2_KNU1_A 10.7836 192.762 -70.0293
F2_KNU1_B 4.36324 186.338 -29.4755
F2_KNU2_A 11.2283 185.991 -94.8866
F2_KNU3_A 9.64669 176.42 -109.306
TH_KNU1_A -56.1155 155.573 -0.978862
TH_KNU1_B -25.4372 143.322 31.6485
TH_KNU2_A -74.5847 163.259 -25.5875
TH_KNU3_A -88.4977 168.875 -41.3594
PALM_POSITION -11.4382 174.429 -14.2076
PALM_NORMAL -0.0586236 -0.875214 -0.48017
