F4_KNU1_A -41.0219 181.511 -69.9415
F4_KNU1_B -33.2137 171.669 -32.0067
F4_KNU2_A -45.3714 185.126 -91.7006
F4_KNU3_A -48.4039 186.566 -107.234
F3_KNU1_A -14.7298 190.747 -75.6129
F3_KNU1_B -12.8718 174.074 -34.0369
F3_KNU2_A -16.1063 198.923 -100.73
F3_KNU3_A -17.1696 203.377 -117.599
F1_KNU1_A 35.1553 176.439 -58.0738
F1_KNU1_B 26.7567 166.344 -27.9201
F1_KNU2_A 39.2281 180.635 -75.3009
F1_KNU3_A 42.3781 183.297 -90.7941
F2_KNU1_A 11.4141 188.333 -69.3713
F2_KNU1_B 8.05698 172.396 -31.1372
F2_KNU2_A 13.1602 196.796 -93.6461
F2_KNU3_A 14.142 201.673 -110.298
TH_KNU1_A -52.8676 150.656 6.17402
TH_KNU1_B -19.6337 136.567 35.3765
TH_KNU2_A -71.9313 159.051 -17.7397
TH_KNU3_A -85.9315 165.127 -33.2622
PALM_POSITION -7.16195 161.955 -14.2853
PALM_NORMAL -0.0246386 -0.93211 -0.361337
