F4_KNU1_A -41.0589 173.63 -70.9743
F4_KNU1_B -33.3356 165.432 -32.6333
F4_KNU2_A -45.2778 175.684 -92.9612
F4_KNU3_A -48.1573 175.639 -108.59
F3_KNU1_A -15.1927 188.062 -74.7893
F3_KNU1_B -13.0459 168.28 -34.6139
F3_KNU2_A -16.7663 197.727 -99.3599
F3_KNU3_A -17.9797 202.903 -116.011
F1_KNU1_A 34.5812 174.43 -57.0134
F1_KNU1_B 26.7046 162.178 -27.525
F1_KNU2_A 38.3411 179.532 -74.0661
F1_KNU3_A 41.1725 182.719 -89.5216
F2_KNU1_A 11.0566 186.184 -68.3256
F2_KNU1_B 7.88304 167.431 -31.3748
F2_KNU2_A 12.6483 195.967 -92.1096
F2_KNU3_A 13.4908 201.426 -108.587
TH_KNU1_A -52.7901 148.896 7.56131
TH_KNU1_B -19.6298 135.712 37.2662
TH_KNU2_A -71.7206 156.532 -16.7097
TH_KNU3_A -85.6485 162.119 -32.4791
PALM_POSITION -7.24799 157.795 -13.9731
PALM_NORMAL 0.00655761 -0.956137 -0.292847
