F4_KNU1_A -34.5517 148.978 -69.3564
F4_KNU1_B -30.51 159.957 -31.1462
F4_KNU2_A -36.3635 137.797 -88.7769
F4_KNU3_A -37.3645 127.645 -100.962
F3_KNU1_A -12.8447 182.869 -72.7813
F3_KNU1_B -10.1475 162.3 -33.0362
F3_KNU2_A -15.0648 191.62 -97.6428
F3_KNU3_A -16.8855 195.265 -114.64
F1_KNU1_A 36.7113 170.362 -53.5594
F1_KNU1_B 29.3823 156.241 -24.7743
F1_KNU2_A 39.8256 175.603 -70.6999
F1_KNU3_A 41.7672 178.093 -86.4186
F2_KNU1_A 13.1872 181.247 -65.8282
F2_KNU1_B 10.7128 161.42 -29.388
F2_KNU2_A 14.0324 190.567 -89.8353
F2_KNU3_A 14.1685 194.924 -106.658
TH_KNU1_A -51.0744 146.873 10.0963
TH_KNU1_B -18.3676 136.392 41.3406
TH_KNU2_A -68.9824 151.933 -15.5838
TH_KNU3_A -82.9473 156.185 -31.7322
PALM_POSITION -4.84059 153.613 -11.4501
PALM_NORMAL -0.00520508 -0.978464 -0.20635
