F4_KNU1_A -26.1563 119.975 -46.1378
F4_KNU1_B -26.636 156.795 -30.6142
F4_KNU2_A -23.1504 99.9222 -36.4278
F4_KNU3_A -20.567 89.7452 -24.4984
F3_KNU1_A -11.411 175.254 -73.7565
F3_KNU1_B -6.31149 159.742 -32.0024
F3_KNU2_A -14.8571 181.322 -99.2691
F3_KNU3_A -17.3603 183.496 -116.431
F1_KNU1_A 39.1851 168.229 -52.2153
F1_KNU1_B 33.167 154.83 -22.7883
F1_KNU2_A 41.7787 173.453 -69.4476
F1_KNU3_A 43.4586 176.287 -85.138
F2_KNU1_A 14.6615 177.076 -65.4906
F2_KNU1_B 14.4706 159.468 -27.8475
F2_KNU2_A 14.2905 185.625 -89.7953
F2_KNU3_A 13.7467 189.909 -106.629
TH_KNU1_A -48.8889 143.433 11.357
TH_KNU1_B -15.5722 133.42 42.1065
TH_KNU2_A -65.8263 147.787 -15.0992
TH_KNU3_A -79.4516 151.612 -31.6399
PALM_POSITION -1.27773 151.162 -10.3082
PALM_NORMAL 0.0287125 -0.977684 -0.208111
