F4_KNU1_A -25.6 120.605 -44.9135
F4_KNU1_B -25.8656 157.905 -30.577
F4_KNU2_A -22.4319 101.644 -33.257
F4_KNU3_A -19.7457 93.0378 -20.1696
F3_KNU1_A -10.2774 176.174 -73.6895
F3_KNU1_B -5.50944 160.658 -31.8978
F3_KNU2_A -13.6108 181.818 -99.3142
F3_KNU3_A -16.0799 183.459 -116.54
F1_KNU1_A 39.6768 169.134 -51.9003
F1_KNU1_B 33.8971 155.272 -22.6406
F1_KNU2_A 42.083 174.556 -69.0985
F1_KNU3_A 43.5539 177.51 -84.7879
F2_KNU1_A 15.3642 178.249 -65.1064
F2_KNU1_B 15.2596 160.14 -27.7012
F2_KNU2_A 14.8806 186.989 -89.3409
F2_KNU3_A 14.226 191.321 -106.158
TH_KNU1_A -48.4597 144.366 11.3394
TH_KNU1_B -15.1987 133.826 41.9729
TH_KNU2_A -65.0597 148.931 -15.2944
TH_KNU3_A -78.5449 152.948 -31.9044
PALM_POSITION -0.610378 151.85 -10.2641
PALM_NORMAL 0.0193026 -0.976189 -0.216062
