F4_KNU1_A -25.0948 121.567 -44.5543
F4_KNU1_B -24.9135 158.983 -30.5222
F4_KNU2_A -21.9075 103.467 -31.6055
F4_KNU3_A -19.19 96.1733 -17.7502
F3_KNU1_A -8.81808 177.105 -73.5233
F3_KNU1_B -4.51728 161.486 -31.7193
F3_KNU2_A -11.9491 182.571 -99.212
F3_KNU3_A -14.3241 183.951 -116.474
F1_KNU1_A 40.5656 169.661 -51.403
F1_KNU1_B 34.765 155.587 -22.249
F1_KNU2_A 42.9072 175.087 -68.6089
F1_KNU3_A 44.2583 177.945 -84.3268
F2_KNU1_A 16.3464 179.184 -64.6252
F2_KNU1_B 16.2191 160.699 -27.4047
F2_KNU2_A 15.7888 187.945 -88.8505
F2_KNU3_A 15.0316 192.15 -105.696
TH_KNU1_A -48.0432 145.293 11.2489
TH_KNU1_B -14.9664 134.6 42.0284
TH_KNU2_A -64.1169 149.719 -15.7291
TH_KNU3_A -77.9078 153.955 -32.0306
PALM_POSITION 0.146686 152.566 -10.0795
PALM_NORMAL 0.00839284 -0.975836 -0.218343
