F4_KNU1_A -25.8938 123.609 -48.4558
F4_KNU1_B -24.7885 159.382 -30.6806
F4_KNU2_A -22.9101 104.747 -36.5922
F4_KNU3_A -20.2055 97.2898 -22.8215
F3_KNU1_A -8.29763 177.693 -73.5512
F3_KNU1_B -4.37553 161.77 -31.8248
F3_KNU2_A -11.2632 183.084 -99.2755
F3_KNU3_A -13.5595 184.254 -116.564
F1_KNU1_A 40.4949 169.745 -51.4505
F1_KNU1_B 34.8517 155.597 -22.3013
F1_KNU2_A 42.6412 174.981 -68.7403
F1_KNU3_A 43.7331 177.482 -84.539
F2_KNU1_A 16.3587 179.344 -64.6838
F2_KNU1_B 16.3469 160.841 -27.4716
F2_KNU2_A 15.6053 187.673 -89.0555
F2_KNU3_A 14.6451 191.304 -106.024
TH_KNU1_A -48.1975 145.246 10.963
TH_KNU1_B -15.1349 134.614 41.7792
TH_KNU2_A -64.215 149.585 -16.0624
TH_KNU3_A -78.0621 153.813 -32.3183
PALM_POSITION 0.191175 152.725 -10.2161
PALM_NORMAL 0.00309725 -0.974874 -0.222734
