F4_KNU1_A -26.9988 150.004 -72.1913
F4_KNU1_B -24.8891 159.334 -33.3918
F4_KNU2_A -26.2407 130.66 -83.6225
F4_KNU3_A -24.8926 114.832 -83.1914
F3_KNU1_A -6.77059 179.916 -74.9499
F3_KNU1_B -4.5314 162.355 -33.7595
F3_KNU2_A -8.57205 186.224 -100.573
F3_KNU3_A -10.0123 187.985 -117.904
F1_KNU1_A 40.4449 170.401 -52.8837
F1_KNU1_B 34.5985 156.473 -23.6689
F1_KNU2_A 42.6973 175.248 -70.2734
F1_KNU3_A 43.89 177.251 -86.1357
F2_KNU1_A 16.5331 180.496 -65.9387
F2_KNU1_B 16.0894 161.627 -28.9132
F2_KNU2_A 16.1581 188.896 -90.2949
F2_KNU3_A 15.5243 192.515 -107.281
TH_KNU1_A -49.5552 143.029 7.7503
TH_KNU1_B -16.4021 128.932 37.0406
TH_KNU2_A -65.839 150.634 -18.3795
TH_KNU3_A -80.4249 156.952 -33.2529
PALM_POSITION -0.26563 151.682 -12.8435
PALM_NORMAL 0.0372471 -0.952699 -0.301625
