F4_KNU1_A -31.5265 169.235 -69.3784
F4_KNU1_B -26.7704 161.766 -30.4107
F4_KNU2_A -34.0119 167.772 -91.6746
F4_KNU3_A -35.5808 163.584 -106.924
F3_KNU1_A -7.44502 179.008 -73.8036
F3_KNU1_B -6.33218 163.897 -31.6081
F3_KNU2_A -8.86681 183.183 -99.8832
F3_KNU3_A -10.2072 183.228 -117.311
F1_KNU1_A 40.3404 167.989 -53.2332
F1_KNU1_B 32.8975 155.904 -23.5642
F1_KNU2_A 43.2274 171.688 -70.81
F1_KNU3_A 44.7875 172.64 -86.7382
F2_KNU1_A 16.6392 178.842 -65.7115
F2_KNU1_B 14.429 162.071 -27.7517
F2_KNU2_A 17.0947 185.469 -90.6073
F2_KNU3_A 16.8661 187.665 -107.845
TH_KNU1_A -49.1152 142.202 8.34376
TH_KNU1_B -16.5562 128.289 38.3793
TH_KNU2_A -65.8029 149.692 -17.5635
TH_KNU3_A -79.5425 155.67 -33.3548
PALM_POSITION -1.6325 152.237 -11.3215
PALM_NORMAL -0.0199745 -0.940899 -0.338097
