F4_KNU1_A -34.073 173.181 -67.0378
F4_KNU1_B -27.1813 161.557 -29.4309
F4_KNU2_A -37.9221 176.362 -88.9583
F4_KNU3_A -40.578 176.604 -104.625
F3_KNU1_A -7.7889 177.68 -73.4832
F3_KNU1_B -6.75775 163.649 -30.9143
F3_KNU2_A -9.11131 181.605 -99.6067
F3_KNU3_A -10.3616 181.728 -117.041
F1_KNU1_A 40.469 167.285 -53.052
F1_KNU1_B 32.5635 155.671 -23.3146
F1_KNU2_A 43.6676 170.873 -70.598
F1_KNU3_A 45.5421 171.845 -86.491
F2_KNU1_A 16.925 178.342 -65.3416
F2_KNU1_B 14.0497 161.827 -27.314
F2_KNU2_A 17.8487 185.063 -90.1992
F2_KNU3_A 17.962 187.474 -107.41
TH_KNU1_A -48.5305 142.607 9.33604
TH_KNU1_B -16.1107 128.669 39.5103
TH_KNU2_A -65.2202 150.073 -16.5767
TH_KNU3_A -78.6899 155.963 -32.6316
PALM_POSITION -1.80799 152.161 -10.5895
PALM_NORMAL -0.0256284 -0.943791 -0.329548
