F4_KNU1_A -35.0824 175.12 -65.0301
F4_KNU1_B -26.7117 161.379 -28.4513
F4_KNU2_A -39.9118 181.145 -86.1445
F4_KNU3_A -43.3803 184.365 -101.316
F3_KNU1_A -7.38821 168.938 -74.9032
F3_KNU1_B -6.26391 162.456 -30.5553
F3_KNU2_A -8.81563 169.117 -101.314
F3_KNU3_A -10.1485 167.31 -118.648
F1_KNU1_A 40.6831 165.089 -53.4237
F1_KNU1_B 32.8332 152.653 -24.0059
F1_KNU2_A 43.872 169.559 -70.7679
F1_KNU3_A 45.7551 171.599 -86.5583
F2_KNU1_A 18.7551 176.242 -65.4128
F2_KNU1_B 14.5287 159.661 -27.5406
F2_KNU2_A 20.4702 183.508 -90.0743
F2_KNU3_A 21.0812 186.577 -107.169
TH_KNU1_A -47.4033 143.608 10.5713
TH_KNU1_B -15.2033 128.754 40.5431
TH_KNU2_A -64.3041 151.419 -15.1019
TH_KNU3_A -77.3768 157.456 -31.4279
PALM_POSITION -1.27464 150.964 -10.2416
PALM_NORMAL -0.0810929 -0.945001 -0.316854
