F4_KNU1_A -33.856 177.444 -64.0231
F4_KNU1_B -26.2462 161.882 -28.0121
F4_KNU2_A -38.2825 184.127 -85.0273
F4_KNU3_A -41.4763 187.539 -100.217
F3_KNU1_A -7.37023 155.605 -73.7398
F3_KNU1_B -5.75851 163.117 -29.5696
F3_KNU2_A -9.5421 144.936 -97.8446
F3_KNU3_A -11.5093 135.156 -112.198
F1_KNU1_A 40.0246 165.871 -51.4108
F1_KNU1_B 33.2346 154.096 -21.4619
F1_KNU2_A 42.5291 169.63 -69.0337
F1_KNU3_A 43.739 170.786 -84.9788
F2_KNU1_A 18.4987 174.712 -64.8035
F2_KNU1_B 14.9659 160.714 -25.8331
F2_KNU2_A 19.6133 179.532 -90.091
F2_KNU3_A 19.7264 180.479 -107.444
TH_KNU1_A -47.8237 145.496 11.0495
TH_KNU1_B -16.4148 132.482 42.6707
TH_KNU2_A -64.1294 151.943 -15.3763
TH_KNU3_A -77.0078 157.162 -32.1329
PALM_POSITION -1.24295 152.597 -8.62849
PALM_NORMAL -0.0612855 -0.959008 -0.276671
