F4_KNU1_A -31.6462 176.224 -63.706
F4_KNU1_B -24.4621 161.108 -27.4184
F4_KNU2_A -35.7569 182.233 -84.9764
F4_KNU3_A -38.6726 184.891 -100.371
F3_KNU1_A -5.36942 145.794 -69.7285
F3_KNU1_B -3.98674 163.002 -28.3524
F3_KNU2_A -7.49815 128.488 -89.6179
F3_KNU3_A -9.41056 114.522 -99.9521
F1_KNU1_A 40.8652 166.139 -49.3747
F1_KNU1_B 35.0006 155.47 -18.8221
F1_KNU2_A 42.9807 169.265 -67.1714
F1_KNU3_A 43.9619 169.889 -83.1618
F2_KNU1_A 20.1336 171.97 -63.9474
F2_KNU1_B 16.674 161.377 -23.9108
F2_KNU2_A 21.3241 174.48 -89.564
F2_KNU3_A 21.569 173.836 -106.929
TH_KNU1_A -46.8807 145.161 11.5418
TH_KNU1_B -15.9565 133.504 44.155
TH_KNU2_A -62.9509 150.901 -15.1894
TH_KNU3_A -75.7853 155.628 -32.1248
PALM_POSITION 0.194179 153.07 -7.05783
PALM_NORMAL -0.0205332 -0.965972 -0.257829
