F4_KNU1_A -30.8794 177.016 -63.1941
F4_KNU1_B -23.5915 161.942 -26.9095
F4_KNU2_A -34.9835 181.736 -84.7884
F4_KNU3_A -37.8145 182.673 -100.398
F3_KNU1_A -4.24549 143.165 -66.9651
F3_KNU1_B -3.13288 164.163 -27.3687
F3_KNU2_A -6.37025 122.922 -83.8558
F3_KNU3_A -8.2958 107.231 -91.3129
F1_KNU1_A 40.8917 166.607 -48.132
F1_KNU1_B 35.7493 157.126 -17.0616
F1_KNU2_A 42.8676 169.604 -65.9667
F1_KNU3_A 43.9498 170.568 -81.9338
F2_KNU1_A 23.1359 169.861 -63.0476
F2_KNU1_B 17.4483 162.808 -22.489
F2_KNU2_A 25.9188 170.833 -88.6452
F2_KNU3_A 27.3598 169.605 -105.921
TH_KNU1_A -46.7282 145.81 11.6945
TH_KNU1_B -16.2276 133.655 44.5234
TH_KNU2_A -62.6822 152.152 -14.9703
TH_KNU3_A -75.2675 157.162 -32.0112
PALM_POSITION 0.7348 154.053 -6.0985
PALM_NORMAL 0.000321067 -0.963156 -0.268942
