F4_KNU1_A -29.8167 179.079 -63.5769
F4_KNU1_B -23.3495 166.074 -26.3487
F4_KNU2_A -33.308 181.7 -85.6309
F4_KNU3_A -35.5978 180.66 -101.323
F3_KNU1_A -5.29765 141.555 -62.216
F3_KNU1_B -2.90963 168.502 -26.4643
F3_KNU2_A -8.075 117.901 -73.7215
F3_KNU3_A -10.2668 100.808 -76.6435
F1_KNU1_A 39.9279 170.15 -47.2801
F1_KNU1_B 35.8935 161.589 -15.782
F1_KNU2_A 41.5368 173.23 -65.1376
F1_KNU3_A 42.4989 174.741 -81.0699
F2_KNU1_A 22.5418 172.193 -62.2933
F2_KNU1_B 17.6141 167.225 -21.3281
F2_KNU2_A 24.9934 172.448 -87.942
F2_KNU3_A 26.3076 171.101 -105.219
TH_KNU1_A -46.846 149.046 11.6111
TH_KNU1_B -16.699 136.121 44.4728
TH_KNU2_A -62.5967 156.113 -14.9923
TH_KNU3_A -74.7759 161.467 -32.2226
PALM_POSITION 0.76217 157.913 -5.39339
PALM_NORMAL 0.0136514 -0.956249 -0.292234
