F4_KNU1_A -30.3203 183.385 -62.2179
F4_KNU1_B -23.8873 171.298 -24.6756
F4_KNU2_A -33.627 184.418 -84.4313
F4_KNU3_A -35.6587 181.713 -99.9591
F3_KNU1_A -7.35284 144.061 -58.1747
F3_KNU1_B -3.47716 173.949 -24.9828
F3_KNU2_A -10.4279 119.153 -66.5243
F3_KNU3_A -12.5271 101.81 -67.1162
F1_KNU1_A 37.7861 175.58 -46.9013
F1_KNU1_B 35.5566 166.94 -15.2458
F1_KNU2_A 38.5396 179.07 -64.7401
F1_KNU3_A 38.8641 181.227 -80.6236
F2_KNU1_A 20.5273 176.675 -61.4521
F2_KNU1_B 17.1367 172.644 -20.2288
F2_KNU2_A 22.1022 176.659 -87.1707
F2_KNU3_A 22.8809 175.33 -104.481
TH_KNU1_A -46.4867 152.322 12.6985
TH_KNU1_B -15.8229 137.981 44.4767
TH_KNU2_A -62.5311 160.581 -13.3808
TH_KNU3_A -74.489 166.557 -30.5617
PALM_POSITION 0.631837 162.38 -4.51685
PALM_NORMAL 0.0186356 -0.940562 -0.33911
