F4_KNU1_A -31.8807 186.486 -61.3932
F4_KNU1_B -27.4579 182.57 -21.871
F4_KNU2_A -33.3861 179.077 -82.5656
F4_KNU3_A -33.7924 169.337 -95.1165
F3_KNU1_A -13.1042 150.046 -49.3817
F3_KNU1_B -7.11422 185.589 -22.7197
F3_KNU2_A -15.5269 123.72 -50.1931
F3_KNU3_A -16.5395 106.871 -45.6543
F1_KNU1_A 32.8258 185.506 -47.4603
F1_KNU1_B 32.3815 178.25 -15.3846
F1_KNU2_A 32.623 188.314 -65.4336
F1_KNU3_A 32.1461 189.977 -81.3726
F2_KNU1_A 13.7543 184.365 -60.5319
F2_KNU1_B 13.6967 184.137 -18.9742
F2_KNU2_A 13.1693 181.431 -86.1244
F2_KNU3_A 12.4757 177.97 -103.141
TH_KNU1_A -47.3385 159.52 13.294
TH_KNU1_B -16.0603 142.2 42.9166
TH_KNU2_A -62.9625 170.092 -12.1988
TH_KNU3_A -72.9579 177.159 -30.1994
PALM_POSITION -1.99872 171.971 -3.79912
PALM_NORMAL 0.0162597 -0.898496 -0.438681
