F4_KNU1_A -28.7852 176.313 -59.2065
F4_KNU1_B -26.5404 185.101 -20.2884
F4_KNU2_A -28.4371 161.941 -76.4917
F4_KNU3_A -27.4619 148.582 -85.0437
F3_KNU1_A -10.9753 154.375 -49.1604
F3_KNU1_B -6.31545 188.877 -20.9133
F3_KNU2_A -12.4339 128.033 -51.0457
F3_KNU3_A -12.8335 110.994 -47.1658
F1_KNU1_A 33.7876 191.762 -45.3561
F1_KNU1_B 33.3995 182.613 -13.7677
F1_KNU2_A 33.3372 194.832 -63.2821
F1_KNU3_A 32.4968 196.173 -79.2365
F2_KNU1_A 11.7923 176.697 -57.0555
F2_KNU1_B 14.5251 187.993 -17.1551
F2_KNU2_A 9.30436 164.32 -79.5175
F2_KNU3_A 7.33004 153.883 -93.2728
TH_KNU1_A -45.048 160.532 13.4981
TH_KNU1_B -13.864 142.184 42.5963
TH_KNU2_A -60.1122 172.162 -11.8708
TH_KNU3_A -69.4671 179.945 -29.9203
PALM_POSITION -0.762392 174.583 -2.62625
PALM_NORMAL 0.0493677 -0.87591 -0.479942
