F4_KNU1_A -45.8296 184.46 -54.2356
F4_KNU1_B -36.1586 179.488 -12.6722
F4_KNU2_A -51.485 185.776 -77.6982
F4_KNU3_A -55.5881 185.904 -94.2833
F3_KNU1_A -17.6128 184.44 -64.7492
F3_KNU1_B -14.5151 178.091 -17.0694
F3_KNU2_A -19.9215 186.841 -92.9898
F3_KNU3_A -21.693 187.731 -111.677
F1_KNU1_A 32.7714 162.652 -49.5269
F1_KNU1_B 26.3159 162.122 -14.766
F1_KNU2_A 35.5035 161.792 -68.8748
F1_KNU3_A 37.3354 160.257 -85.9451
F2_KNU1_A 8.83443 177.616 -60.5553
F2_KNU1_B 7.48215 172.204 -16.2254
F2_KNU2_A 9.14893 179.832 -88.1668
F2_KNU3_A 9.08378 180.721 -106.829
TH_KNU1_A -56.5289 152.884 25.5581
TH_KNU1_B -21.4406 138.918 58.2006
TH_KNU2_A -76.2544 159.815 -1.37482
TH_KNU3_A -92.1484 166.008 -17.3983
PALM_POSITION -8.73915 163.928 3.5318
PALM_NORMAL -0.229584 -0.90809 -0.350233
