F4_KNU1_A -27.9455 171.886 -57.0547
F4_KNU1_B -26.733 188.126 -20.5627
F4_KNU2_A -26.4786 154.522 -71.2593
F4_KNU3_A -24.6532 140.08 -77.6364
F3_KNU1_A -11.8629 170.776 -59.588
F3_KNU1_B -6.56214 192.229 -20.5795
F3_KNU2_A -13.9321 148.71 -74.0243
F3_KNU3_A -14.7597 132.081 -79.3468
F1_KNU1_A 34.6265 197.093 -44.6002
F1_KNU1_B 33.1803 185.791 -13.7478
F1_KNU2_A 34.098 199.298 -62.6509
F1_KNU3_A 32.7661 198.474 -78.6069
F2_KNU1_A 13.3878 176.573 -55.6048
F2_KNU1_B 14.2569 191.239 -16.7297
F2_KNU2_A 11.0972 158.979 -74.2895
F2_KNU3_A 8.96084 144.568 -83.7648
TH_KNU1_A -44.7355 159.281 9.34325
TH_KNU1_B -13.9473 138.916 37.506
TH_KNU2_A -60.4089 172.996 -14.5735
TH_KNU3_A -69.5473 182.225 -32.0436
PALM_POSITION -0.950476 176.141 -3.86795
PALM_NORMAL 0.0664752 -0.818838 -0.570162
