F4_KNU1_A -29.2437 176.027 -58.0161
F4_KNU1_B -26.5371 189.219 -20.3922
F4_KNU2_A -28.7462 161.382 -75.0666
F4_KNU3_A -27.5779 148.72 -84.5987
F3_KNU1_A -11.379 164.509 -54.2362
F3_KNU1_B -6.32637 193.108 -20.0808
F3_KNU2_A -12.6634 139.681 -63.2661
F3_KNU3_A -12.8615 122.282 -64.9275
F1_KNU1_A 35.7575 196.756 -44.5395
F1_KNU1_B 33.3296 185.812 -13.6199
F1_KNU2_A 35.6107 198.659 -62.6316
F1_KNU3_A 34.5175 197.569 -78.5898
F2_KNU1_A 15.243 180.648 -56.3316
F2_KNU1_B 14.4703 191.643 -16.2617
F2_KNU2_A 14.2791 168.045 -78.7853
F2_KNU3_A 13.0643 157.456 -92.5118
TH_KNU1_A -45.0172 156.883 6.19271
TH_KNU1_B -14.4134 135.997 34.1745
TH_KNU2_A -61.524 171.209 -16.7868
TH_KNU3_A -70.5211 180.873 -34.0938
PALM_POSITION -0.924527 175.85 -4.50552
PALM_NORMAL 0.0599871 -0.778233 -0.625104
