F4_KNU1_A -29.1269 178.154 -60.0807
F4_KNU1_B -26.1383 188.371 -21.5636
F4_KNU2_A -28.7726 165.12 -78.3955
F4_KNU3_A -27.6847 153.438 -89.1144
F3_KNU1_A -8.64202 177.68 -62.8855
F3_KNU1_B -5.907 192.011 -20.4926
F3_KNU2_A -10.4289 160.546 -82.9568
F3_KNU3_A -11.6001 146.654 -93.4999
F1_KNU1_A 36.914 194.41 -44.4641
F1_KNU1_B 33.496 183.889 -13.4914
F1_KNU2_A 37.3563 196.427 -62.5391
F1_KNU3_A 36.8148 195.734 -78.5477
F2_KNU1_A 15.8741 180.423 -56.6482
F2_KNU1_B 14.7679 190.081 -16.2429
F2_KNU2_A 14.7812 167.585 -78.9622
F2_KNU3_A 13.3626 156.538 -92.3037
TH_KNU1_A -46.0882 154.595 2.9444
TH_KNU1_B -15.9478 131.713 29.8475
TH_KNU2_A -62.3672 170.519 -19.1276
TH_KNU3_A -71.3952 181.392 -35.6854
PALM_POSITION -1.07713 173.755 -5.89809
PALM_NORMAL 0.0690224 -0.738263 -0.670972
