F4_KNU1_A -29.0929 180.132 -60.8464
F4_KNU1_B -24.6712 187.275 -21.7782
F4_KNU2_A -30.2931 170.868 -81.2954
F4_KNU3_A -30.5649 162.271 -94.6589
F3_KNU1_A -5.45179 181.101 -64.3912
F3_KNU1_B -4.33847 190.22 -20.5091
F3_KNU2_A -6.71547 169.949 -88.342
F3_KNU3_A -7.76862 160.491 -103.003
F1_KNU1_A 38.667 190.687 -44.3976
F1_KNU1_B 34.7135 180.693 -13.3142
F1_KNU2_A 39.3242 192.599 -62.4774
F1_KNU3_A 38.9245 191.961 -78.4924
F2_KNU1_A 18.2119 178.889 -56.7271
F2_KNU1_B 16.2258 187.545 -16.1285
F2_KNU2_A 17.8249 168.364 -80.2429
F2_KNU3_A 16.9202 159.356 -95.0773
TH_KNU1_A -46.5568 152.844 1.91285
TH_KNU1_B -16.7929 129.677 28.9908
TH_KNU2_A -62.5738 168.876 -20.2729
TH_KNU3_A -72.0825 179.827 -36.5064
PALM_POSITION -0.238883 171.634 -6.10964
PALM_NORMAL 0.0495901 -0.731836 -0.679674
