F4_KNU1_A -30.0022 185.367 -64.5475
F4_KNU1_B -26.6834 177.091 -25.5939
F4_KNU2_A -31.3267 184.822 -86.9838
F4_KNU3_A -31.9459 181.727 -102.559
F3_KNU1_A -5.05596 196.994 -67.7464
F3_KNU1_B -6.40554 180.599 -26.04
F3_KNU2_A -4.93991 200.427 -93.9723
F3_KNU3_A -5.21918 199.365 -111.417
F1_KNU1_A 40.767 189.524 -47.5964
F1_KNU1_B 33.2761 172.919 -20.2129
F1_KNU2_A 43.4756 195.184 -64.6724
F1_KNU3_A 44.7302 197.427 -80.4978
F2_KNU1_A 21.5563 192.536 -61.3204
F2_KNU1_B 14.4585 178.953 -22.6909
F2_KNU2_A 24.5811 194.811 -86.8077
F2_KNU3_A 25.8086 193.047 -104.053
TH_KNU1_A -44.0397 147.544 2.86721
TH_KNU1_B -14.0209 126.865 31.6255
TH_KNU2_A -64.3824 161.666 -16.9445
TH_KNU3_A -73.7979 170.933 -34.2461
PALM_POSITION -0.887816 164.163 -9.63899
PALM_NORMAL 0.0289615 -0.813854 -0.580347
