F4_KNU1_A -29.3608 185.809 -64.3351
F4_KNU1_B -25.5256 176.455 -25.674
F4_KNU2_A -31.0161 186.93 -86.728
F4_KNU3_A -31.8916 185.498 -102.531
F3_KNU1_A -4.8079 196.406 -67.9262
F3_KNU1_B -5.31269 180.324 -26.0794
F3_KNU2_A -4.786 202.609 -93.6383
F3_KNU3_A -4.91561 204.947 -110.96
F1_KNU1_A 40.7437 188.998 -47.9887
F1_KNU1_B 34.4464 173.628 -19.6022
F1_KNU2_A 43.5729 195.73 -64.6515
F1_KNU3_A 45.5741 200.339 -79.8764
F2_KNU1_A 22.4513 191.693 -61.5151
F2_KNU1_B 15.5452 179.205 -22.4835
F2_KNU2_A 25.9564 195.403 -86.7713
F2_KNU3_A 27.8692 195.745 -104.041
TH_KNU1_A -42.8231 148.032 4.1971
TH_KNU1_B -12.4864 128.771 33.599
TH_KNU2_A -62.6546 161.153 -16.7869
TH_KNU3_A -72.1768 169.712 -34.392
PALM_POSITION 0.350281 164.654 -8.99231
PALM_NORMAL 0.0495427 -0.835411 -0.547388
