F4_KNU1_A -23.275 181.831 -64.6009
F4_KNU1_B -18.573 171.129 -26.3877
F4_KNU2_A -25.8321 184.516 -86.7749
F4_KNU3_A -27.558 184.454 -102.573
F3_KNU1_A 5.35758 187.26 -68.2408
F3_KNU1_B 1.91468 173.045 -25.8602
F3_KNU2_A 6.92125 192.52 -94.1153
F3_KNU3_A 7.6848 194.232 -111.494
F1_KNU1_A 46.1637 177.409 -44.4032
F1_KNU1_B 40.2631 164.477 -14.7447
F1_KNU2_A 47.5988 180.044 -62.3465
F1_KNU3_A 47.4427 178.904 -78.3379
F2_KNU1_A 16.0379 136.385 -42.5986
F2_KNU1_B 22.2668 170.921 -20.3365
F2_KNU2_A 9.3597 111.575 -40.6578
F2_KNU3_A 4.56717 96.1778 -34.1776
TH_KNU1_A -41.0444 151.656 7.57614
TH_KNU1_B -14.4151 136.45 42.4395
TH_KNU2_A -57.0033 161.307 -18.0741
TH_KNU3_A -66.4557 167.412 -36.7089
PALM_POSITION 4.80447 161.012 -5.45347
PALM_NORMAL -0.00146192 -0.935125 -0.354314
