F4_KNU1_A -22.7702 183.092 -65.183
F4_KNU1_B -18.5377 172.99 -26.7522
F4_KNU2_A -25.2255 184.998 -87.449
F4_KNU3_A -26.9666 184.168 -103.224
F3_KNU1_A 6.80358 184.798 -69.9111
F3_KNU1_B 2.02431 173.935 -26.6771
F3_KNU2_A 8.76384 187.092 -96.1883
F3_KNU3_A 9.57423 186.376 -113.634
F1_KNU1_A 47.0926 173.917 -47.0646
F1_KNU1_B 40.173 163.307 -16.7127
F1_KNU2_A 48.7621 175.285 -65.1285
F1_KNU3_A 48.5918 173.178 -81.0212
F2_KNU1_A 13.0462 135.422 -41.55
F2_KNU1_B 22.376 170.724 -21.7047
F2_KNU2_A 5.23268 111.526 -35.9045
F2_KNU3_A 0.216817 97.5706 -26.8431
TH_KNU1_A -41.2804 152.562 6.82542
TH_KNU1_B -14.4267 136.399 41.0808
TH_KNU2_A -56.5433 162.44 -19.1598
TH_KNU3_A -65.7152 168.706 -37.8813
PALM_POSITION 4.81523 161.26 -6.64846
PALM_NORMAL -0.0538042 -0.924637 -0.37703
