F4_KNU1_A -21.6234 182.705 -65.1988
F4_KNU1_B -17.6303 173.932 -26.4176
F4_KNU2_A -23.9295 183.802 -87.5353
F4_KNU3_A -25.5589 182.416 -103.283
F3_KNU1_A 8.00335 182.582 -70.2072
F3_KNU1_B 2.93316 174.846 -26.3384
F3_KNU2_A 10.0119 182.693 -96.5805
F3_KNU3_A 10.8003 180.449 -113.897
F1_KNU1_A 48.0057 170.662 -48.1172
F1_KNU1_B 41.0752 163.912 -16.6831
F1_KNU2_A 49.1439 169.128 -66.2091
F1_KNU3_A 48.2089 164.236 -81.4485
F2_KNU1_A 14.1113 137.275 -43.2178
F2_KNU1_B 23.2847 171.479 -21.4685
F2_KNU2_A 6.29073 113.155 -38.6373
F2_KNU3_A 1.27101 98.9036 -30.051
TH_KNU1_A -40.4961 152.72 6.76589
TH_KNU1_B -13.5107 135.631 40.4638
TH_KNU2_A -55.5379 163.176 -19.1217
TH_KNU3_A -64.6583 169.896 -37.7106
PALM_POSITION 5.72385 161.664 -6.63966
PALM_NORMAL -0.0555286 -0.914719 -0.400256
