F4_KNU1_A -20.279 179.984 -63.4255
F4_KNU1_B -16.5291 174.568 -24.011
F4_KNU2_A -22.4069 179.526 -85.8018
F4_KNU3_A -23.8964 177.33 -101.471
F3_KNU1_A 9.31139 176.624 -68.4904
F3_KNU1_B 4.03297 175.516 -23.9828
F3_KNU2_A 11.3072 172.786 -94.5842
F3_KNU3_A 12.0529 168.102 -111.408
F1_KNU1_A 47.6584 162.79 -47.3118
F1_KNU1_B 42.234 164.295 -14.908
F1_KNU2_A 46.0184 154.543 -63.4449
F1_KNU3_A 41.8369 143.636 -74.4264
F2_KNU1_A 15.0021 138.267 -41.6972
F2_KNU1_B 24.4106 172.005 -19.3289
F2_KNU2_A 7.29979 114.106 -37.1312
F2_KNU3_A 2.46845 99.8247 -28.4868
TH_KNU1_A -39.2812 151.58 8.22243
TH_KNU1_B -12.0616 133.765 41.3512
TH_KNU2_A -53.3021 162.222 -18.1578
TH_KNU3_A -62.6689 169.435 -36.4366
PALM_POSITION 6.92931 161.601 -4.81016
PALM_NORMAL -0.0556669 -0.898979 -0.43444
