F4_KNU1_A -46.938 139.197 -29.1462
F4_KNU1_B -45.3022 176.226 -7.42156
F4_KNU2_A -42.0796 116.328 -23.0114
F4_KNU3_A -37.4209 103.044 -13.3294
F3_KNU1_A -34.0083 210.408 -47.1363
F3_KNU1_B -23.815 179.84 -11.29
F3_KNU2_A -40.4577 226.901 -69.3857
F3_KNU3_A -44.9607 236.844 -84.6827
F1_KNU1_A 17.8559 200.192 -31.4732
F1_KNU1_B 19.4241 172.412 -9.65365
F1_KNU2_A 16.6823 215.151 -44.019
F1_KNU3_A 15.4011 227.989 -55.4492
F2_KNU1_A -6.87933 211.839 -39.6821
F2_KNU1_B -1.08042 178.525 -10.4796
F2_KNU2_A -10.6643 232.094 -58.1972
F2_KNU3_A -13.3345 245.499 -70.9356
TH_KNU1_A -60.181 152.585 33.217
TH_KNU1_B -22.8847 131.154 58.5443
TH_KNU2_A -78.5562 165.728 7.67998
TH_KNU3_A -88.7169 174.035 -11.6973
PALM_POSITION -15.3428 164.744 7.64891
PALM_NORMAL -0.0347754 -0.885927 -0.462518
