F4_KNU1_A -20.5 172.279 -62.1402
F4_KNU1_B -16.9888 173.174 -22.3437
F4_KNU2_A -22.1904 167.336 -84.0067
F4_KNU3_A -23.2158 161.721 -98.8383
F3_KNU1_A 6.61544 173.153 -66.8786
F3_KNU1_B 3.50313 175.112 -22.1964
F3_KNU2_A 7.43567 166.995 -92.5885
F3_KNU3_A 7.49296 160.69 -108.891
F1_KNU1_A 49.4685 162.849 -45.7154
F1_KNU1_B 42.2039 165.209 -13.7255
F1_KNU2_A 48.1667 153.48 -61.2554
F1_KNU3_A 43.8915 141.635 -71.1785
F2_KNU1_A 16.1764 139.438 -41.8985
F2_KNU1_B 24.0274 172.308 -17.7103
F2_KNU2_A 9.69425 114.751 -38.3721
F2_KNU3_A 5.63685 99.9108 -30.2892
TH_KNU1_A -38.1185 147.3 8.0041
TH_KNU1_B -10.5432 128.644 40.3667
TH_KNU2_A -52.2279 158.938 -17.9044
TH_KNU3_A -62.0654 166.967 -35.586
PALM_POSITION 7.07215 160.187 -3.91805
PALM_NORMAL -0.0120778 -0.871818 -0.48968
