F4_KNU1_A -21.2768 170.818 -62.4752
F4_KNU1_B -18.4504 170.629 -22.6146
F4_KNU2_A -22.2865 165.369 -84.2635
F4_KNU3_A -22.6928 158.961 -98.8008
F3_KNU1_A 4.07251 175.066 -67.2154
F3_KNU1_B 1.93596 173.47 -22.4615
F3_KNU2_A 4.36657 169.674 -93.1083
F3_KNU3_A 4.10751 163.309 -109.385
F1_KNU1_A 49.8569 167.356 -46.9224
F1_KNU1_B 41.1452 164.561 -15.3314
F1_KNU2_A 50.1935 161.15 -64.0202
F1_KNU3_A 47.5793 151.544 -76.5873
F2_KNU1_A 16.1538 141.956 -47.2807
F2_KNU1_B 22.6215 171.18 -18.4495
F2_KNU2_A 10.8719 116.749 -46.506
F2_KNU3_A 7.66712 101.102 -39.6558
TH_KNU1_A -37.5839 141.309 5.06104
TH_KNU1_B -9.21525 120.604 35.4311
TH_KNU2_A -52.8923 155.013 -19.0971
TH_KNU3_A -62.7843 164.324 -36.1069
PALM_POSITION 6.40232 157.031 -5.74607
PALM_NORMAL 0.0200584 -0.820252 -0.57165
