F4_KNU1_A -22.1226 170.121 -64.9521
F4_KNU1_B -18.0582 169.35 -25.2057
F4_KNU2_A -22.7911 163.801 -86.5172
F4_KNU3_A -22.4613 156.338 -100.544
F3_KNU1_A 3.28307 177.229 -68.1886
F3_KNU1_B 2.02794 173.525 -23.5262
F3_KNU2_A 3.65961 171.352 -93.9744
F3_KNU3_A 3.72844 163.992 -109.829
F1_KNU1_A 49.747 165.581 -46.2693
F1_KNU1_B 41.2739 166.738 -14.5114
F1_KNU2_A 50.6856 158.411 -62.963
F1_KNU3_A 49.2375 148.867 -75.7639
F2_KNU1_A 28.2957 170.012 -59.444
F2_KNU1_B 22.5462 172.323 -18.3502
F2_KNU2_A 29.4342 158.685 -82.5595
F2_KNU3_A 29.0541 147.326 -95.7063
TH_KNU1_A -38.5518 137.701 1.49918
TH_KNU1_B -8.7806 115.827 29.624
TH_KNU2_A -55.0911 152.899 -20.8894
TH_KNU3_A -65.0859 163.325 -37.177
PALM_POSITION 6.64353 156.209 -7.76358
PALM_NORMAL 0.112683 -0.771755 -0.625857
