F4_KNU1_A -25.4254 175.659 -62.2686
F4_KNU1_B -20.1473 165.656 -23.9412
F4_KNU2_A -28.5958 175.792 -84.5254
F4_KNU3_A -30.853 172.822 -99.9734
F3_KNU1_A -0.0532007 185.697 -65.2541
F3_KNU1_B 0.407753 166.209 -24.8806
F3_KNU2_A -1.50974 192.513 -90.7692
F3_KNU3_A -3.10321 194.283 -108.085
F1_KNU1_A 47.1914 149.806 -49.1793
F1_KNU1_B 38.7686 154.195 -17.6914
F1_KNU2_A 48.4978 142.929 -65.9712
F1_KNU3_A 47.4812 134.428 -79.5265
F2_KNU1_A 26.1145 179.531 -58.6646
F2_KNU1_B 20.9101 162.276 -21.2175
F2_KNU2_A 28.0348 186.302 -83.4515
F2_KNU3_A 28.5608 188.542 -100.677
TH_KNU1_A -42.6906 143.156 10.183
TH_KNU1_B -13.3954 124.326 40.8914
TH_KNU2_A -57.9802 154.321 -15.2595
TH_KNU3_A -68.1882 161.875 -32.9404
PALM_POSITION 3.93419 152.11 -5.95003
PALM_NORMAL -0.0936285 -0.894731 -0.436681
