F4_KNU1_A -25.7953 172.545 -60.0277
F4_KNU1_B -21.4296 160.255 -22.2551
F4_KNU2_A -28.7932 173.886 -82.2685
F4_KNU3_A -31.1323 171.423 -97.7932
F3_KNU1_A -1.0108 181.021 -62.7129
F3_KNU1_B -0.863615 160.048 -23.0885
F3_KNU2_A -2.39976 189.174 -87.8367
F3_KNU3_A -4.06688 191.902 -105.021
F1_KNU1_A 31.945 124.942 -35.4866
F1_KNU1_B 37.1077 148.657 -13.2902
F1_KNU2_A 22.5643 109.408 -36.7759
F1_KNU3_A 12.8335 97.5771 -32.0452
F2_KNU1_A 24.5446 171.765 -56.7885
F2_KNU1_B 19.5026 156.361 -18.5211
F2_KNU2_A 26.2427 177.217 -81.9148
F2_KNU3_A 26.5143 178.375 -99.2528
TH_KNU1_A -43.4531 147.01 14.9518
TH_KNU1_B -16.1242 132.461 49.5531
TH_KNU2_A -57.3914 154.269 -12.5943
TH_KNU3_A -68.2667 159.991 -30.5628
PALM_POSITION 2.18148 149.9 -1.70303
PALM_NORMAL -0.117552 -0.960752 -0.25127
