F4_KNU1_A -18.248 173.481 -56.4547
F4_KNU1_B -17.8189 164.818 -17.4462
F4_KNU2_A -20.9195 165.449 -77.2823
F4_KNU3_A -23.7427 153.699 -87.6035
F3_KNU1_A 5.26897 176.486 -60.255
F3_KNU1_B 2.60528 162.285 -17.8139
F3_KNU2_A 1.74012 171.578 -86.0049
F3_KNU3_A -2.93604 161.586 -99.5629
F1_KNU1_A 28.862 124.312 -30.8017
F1_KNU1_B 38.6994 145.891 -8.0144
F1_KNU2_A 17.2454 110.316 -30.4432
F1_KNU3_A 6.69105 100.295 -23.7172
F2_KNU1_A 19.1244 142.605 -52.2972
F2_KNU1_B 22.2629 155.942 -13.0625
F2_KNU2_A 7.54953 119.584 -52.1778
F2_KNU3_A 1.37993 109.621 -39.3442
TH_KNU1_A -40.5777 147.484 14.885
TH_KNU1_B -18.0001 131.522 52.1846
TH_KNU2_A -52.8327 156.312 -13.0013
TH_KNU3_A -62.4693 163.176 -31.2744
PALM_POSITION 3.79277 150.346 2.81724
PALM_NORMAL -0.21832 -0.920123 -0.32513
