F4_KNU1_A -18.0675 171.821 -56.2532
F4_KNU1_B -17.7004 164.86 -16.9046
F4_KNU2_A -20.507 161.89 -76.2747
F4_KNU3_A -23.0162 148.949 -85.1511
F3_KNU1_A 5.21458 176.42 -59.7691
F3_KNU1_B 2.78454 162.855 -17.1065
F3_KNU2_A 1.44659 169.636 -85.0551
F3_KNU3_A -3.27612 158.104 -97.3123
F1_KNU1_A 28.2066 124.775 -28.7541
F1_KNU1_B 39.1819 147.153 -7.29539
F1_KNU2_A 16.9105 110.534 -28.0067
F1_KNU3_A 6.75322 99.9792 -21.4896
F2_KNU1_A 16.1673 137.809 -48.6466
F2_KNU1_B 22.5473 156.9 -12.2882
F2_KNU2_A 5.1816 115.292 -42.6281
F2_KNU3_A 0.552064 107.671 -27.7112
TH_KNU1_A -40.1635 146.45 14.7626
TH_KNU1_B -17.7555 129.937 51.9244
TH_KNU2_A -52.3365 155.858 -12.9694
TH_KNU3_A -61.6881 162.914 -31.317
PALM_POSITION 4.06193 150.466 3.25238
PALM_NORMAL -0.191338 -0.917424 -0.348888
