F4_KNU1_A -19.1916 173.409 -56.1166
F4_KNU1_B -17.2577 164.833 -17.1345
F4_KNU2_A -21.1296 161.957 -75.3655
F4_KNU3_A -22.4575 147.661 -82.1799
F3_KNU1_A 4.96003 178.119 -59.659
F3_KNU1_B 3.32441 164.654 -16.9268
F3_KNU2_A 1.34663 167.779 -83.7344
F3_KNU3_A -2.65363 153.476 -92.9507
F1_KNU1_A 28.866 127.077 -25.8392
F1_KNU1_B 40.7729 151.508 -7.31657
F1_KNU2_A 18.6941 112.177 -23.5002
F1_KNU3_A 9.82431 100.827 -16.4602
F2_KNU1_A 17.6563 138.849 -47.2638
F2_KNU1_B 23.438 160.109 -12.026
F2_KNU2_A 8.72665 115.845 -39.8488
F2_KNU3_A 4.94132 107.982 -24.8195
TH_KNU1_A -38.9817 143.703 13.4624
TH_KNU1_B -15.597 124.909 48.8991
TH_KNU2_A -51.9638 155.305 -13.0446
TH_KNU3_A -61.3542 163.472 -30.9049
PALM_POSITION 5.2882 150.914 2.48825
PALM_NORMAL -0.101193 -0.901496 -0.42079
