F4_KNU1_A -19.1957 172.319 -56.0226
F4_KNU1_B -15.8007 162.033 -17.5574
F4_KNU2_A -20.2221 159.54 -74.4909
F4_KNU3_A -20.0713 144.34 -79.1269
F3_KNU1_A 7.6644 172.195 -59.9471
F3_KNU1_B 4.70085 163.191 -16.1274
F3_KNU2_A 5.05981 155.451 -80.2561
F3_KNU3_A 1.93704 138.552 -83.4492
F1_KNU1_A 32.9612 127.832 -25.445
F1_KNU1_B 42.3779 151.92 -5.12767
F1_KNU2_A 23.5286 112.707 -21.8087
F1_KNU3_A 15.513 102.023 -12.9402
F2_KNU1_A 18.544 130.301 -39.0686
F2_KNU1_B 24.7773 159.66 -10.3224
F2_KNU2_A 10.9166 107.098 -30.8628
F2_KNU3_A 6.64958 96.6446 -17.6511
TH_KNU1_A -38.0504 138.303 10.977
TH_KNU1_B -15.0519 118.014 45.8373
TH_KNU2_A -50.9854 151.423 -14.8357
TH_KNU3_A -59.8582 160.428 -32.5575
PALM_POSITION 6.52944 148.352 2.47536
PALM_NORMAL -0.0149047 -0.876306 -0.481524
