F4_KNU1_A -17.4875 168.544 -58.2015
F4_KNU1_B -13.3641 160.788 -19.2177
F4_KNU2_A -18.6704 153.774 -75.1095
F4_KNU3_A -18.4016 138.093 -77.6803
F3_KNU1_A 11.1655 164.398 -61.6865
F3_KNU1_B 7.09936 161.552 -17.1289
F3_KNU2_A 7.77117 143.195 -77.1305
F3_KNU3_A 3.94267 126.275 -74.9918
F1_KNU1_A 34.1371 124.877 -24.1169
F1_KNU1_B 44.1731 149.592 -4.87818
F1_KNU2_A 24.2643 110.838 -18.0823
F1_KNU3_A 16.3823 102.145 -7.15786
F2_KNU1_A 19.0481 124.159 -33.9795
F2_KNU1_B 26.9048 157.652 -10.6655
F2_KNU2_A 10.6763 101.851 -24.1719
F2_KNU3_A 5.68519 91.2497 -11.3371
TH_KNU1_A -37.584 137.101 8.73614
TH_KNU1_B -15.5266 117.015 44.3141
TH_KNU2_A -50.2499 150.155 -17.2435
TH_KNU3_A -59.1695 159.181 -34.9309
PALM_POSITION 8.03478 146.754 1.5726
PALM_NORMAL -0.0165427 -0.877748 -0.478837
