F4_KNU1_A -17.6213 172.904 -56.0443
F4_KNU1_B -12.8749 164.224 -17.3271
F4_KNU2_A -17.9983 159.3 -73.9391
F4_KNU3_A -16.8438 144.025 -78.1688
F3_KNU1_A 6.81278 152.246 -57.3108
F3_KNU1_B 7.46245 165.842 -14.5938
F3_KNU2_A 3.00045 126.219 -54.539
F3_KNU3_A 1.11878 116.076 -40.4288
F1_KNU1_A 36.3845 131.003 -23.0684
F1_KNU1_B 44.7644 154.902 -2.0854
F1_KNU2_A 27.1393 116.189 -17.9645
F1_KNU3_A 19.5615 106.568 -7.61818
F2_KNU1_A 21.6138 130.029 -33.16
F2_KNU1_B 27.2657 162.485 -7.82695
F2_KNU2_A 14.0866 106.891 -24.6798
F2_KNU3_A 9.3095 95.4324 -12.5182
TH_KNU1_A -36.8528 137.396 8.35469
TH_KNU1_B -14.4634 116.186 43.0626
TH_KNU2_A -49.7352 151.468 -16.979
TH_KNU3_A -58.5831 161.128 -34.3651
PALM_POSITION 8.66121 149.873 3.10158
PALM_NORMAL 0.040374 -0.842982 -0.536424
