F4_KNU1_A -20.8815 176.37 -53.9462
F4_KNU1_B -14.4532 170.304 -14.9748
F4_KNU2_A -21.1147 159.245 -68.51
F4_KNU3_A -19.2836 143.465 -68.0621
F3_KNU1_A 3.06449 152.088 -52.8109
F3_KNU1_B 5.94643 171.554 -12.5274
F3_KNU2_A -0.943389 126.353 -48.1988
F3_KNU3_A -2.65049 115.651 -34.4847
F1_KNU1_A 34.1972 136.71 -22.8439
F1_KNU1_B 43.3025 159.651 -1.10731
F1_KNU2_A 24.9468 121.85 -17.888
F1_KNU3_A 17.6039 112.06 -7.52938
F2_KNU1_A 19.265 136.181 -32.5495
F2_KNU1_B 25.813 167.678 -6.24033
F2_KNU2_A 11.5263 112.986 -24.4247
F2_KNU3_A 6.80913 101.385 -12.3748
TH_KNU1_A -38.554 142.069 9.6852
TH_KNU1_B -15.6761 119.897 43.4614
TH_KNU2_A -51.5058 156.77 -15.2522
TH_KNU3_A -59.9329 166.771 -32.6546
PALM_POSITION 7.22682 154.872 4.49127
PALM_NORMAL 0.0202829 -0.821145 -0.57036
