F4_KNU1_A -43.709 178.928 -55.4398
F4_KNU1_B -36.2426 170.987 -13.883
F4_KNU2_A -44.5672 157.747 -67.0515
F4_KNU3_A -42.4964 142.536 -59.5498
F3_KNU1_A -21.2547 191.706 -61.0493
F3_KNU1_B -14.4751 173.599 -16.8969
F3_KNU2_A -26.1222 197.479 -88.4648
F3_KNU3_A -29.7332 198.513 -106.878
F1_KNU1_A 29.6972 192.038 -35.1849
F1_KNU1_B 28.3142 164.626 -12.8927
F1_KNU2_A 29.8411 206.346 -48.5193
F1_KNU3_A 29.4583 218.192 -61.0346
F2_KNU1_A 5.8535 203.588 -45.9288
F2_KNU1_B 8.12872 171.464 -14.9592
F2_KNU2_A 3.81619 222.04 -66.4901
F2_KNU3_A 2.05673 233.505 -81.1383
TH_KNU1_A -55.5739 151.377 30.6641
TH_KNU1_B -18.6511 128.268 55.0453
TH_KNU2_A -70.5504 164.267 2.87791
TH_KNU3_A -81.3033 173.282 -15.8526
PALM_POSITION -7.47842 159.105 3.08633
PALM_NORMAL -0.0492089 -0.904848 -0.422881
