F4_KNU1_A -22.5423 155.251 -44.2947
F4_KNU1_B -16.1168 180.304 -13.8321
F4_KNU2_A -20.7155 133.473 -39.0193
F4_KNU3_A -17.7689 122.768 -27.6493
F3_KNU1_A -4.66607 150.071 -45.0366
F3_KNU1_B 4.42701 179.74 -12.6784
F3_KNU2_A -10.4591 125.633 -36.7414
F3_KNU3_A -12.6106 114.585 -23.368
F1_KNU1_A 30.323 143.22 -25.6791
F1_KNU1_B 41.2173 164.709 -3.29145
F1_KNU2_A 19.256 130.349 -19.1353
F1_KNU3_A 11.4052 123.531 -6.93137
F2_KNU1_A 13.8599 143.945 -34.0786
F2_KNU1_B 24.2261 174.194 -7.53374
F2_KNU2_A 4.54899 122.616 -23.0183
F2_KNU3_A 0.0248396 113.736 -8.78107
TH_KNU1_A -38.8974 139.563 5.09253
TH_KNU1_B -18.1297 131.341 45.7973
TH_KNU2_A -46.8464 143.156 -25.3979
TH_KNU3_A -40.0326 141.474 -46.0041
PALM_POSITION 5.28806 163.338 4.6365
PALM_NORMAL -0.0896737 -0.830311 -0.550038
