F4_KNU1_A -23.0827 153.18 -40.5419
F4_KNU1_B -12.8645 180.732 -13.461
F4_KNU2_A -22.2655 131.752 -33.7882
F4_KNU3_A -19.2028 121.463 -22.0702
F3_KNU1_A -5.96861 147.413 -42.6339
F3_KNU1_B 7.64015 178.967 -13.8387
F3_KNU2_A -12.2886 123.934 -32.2225
F3_KNU3_A -13.8486 113.831 -18.0443
F1_KNU1_A 28.9824 138.906 -22.9355
F1_KNU1_B 44.1764 162.561 -5.86878
F1_KNU2_A 18.2757 128.15 -12.9039
F1_KNU3_A 11.772 123.727 1.06712
F2_KNU1_A 12.5837 139.505 -29.8547
F2_KNU1_B 27.4532 172.673 -9.70818
F2_KNU2_A 3.42904 120.978 -14.4642
F2_KNU3_A -0.0442306 114.627 1.33546
TH_KNU1_A -38.43 141.271 12.1941
TH_KNU1_B -12.6945 137.809 50.6842
TH_KNU2_A -47.7295 140.049 -18.101
TH_KNU3_A -32.4492 132.502 -31.6448
PALM_POSITION 9.0049 164.24 4.89189
PALM_NORMAL -0.181365 -0.870808 -0.456947
