F4_KNU1_A -23.479 149.786 -38.4817
F4_KNU1_B -12.2254 179.803 -14.6233
F4_KNU2_A -22.9301 129.113 -29.6654
F4_KNU3_A -19.9064 119.709 -17.216
F3_KNU1_A -7.74931 143.691 -40.2796
F3_KNU1_B 8.19526 177.291 -15.2429
F3_KNU2_A -13.8108 121.286 -27.5957
F3_KNU3_A -14.7629 112.174 -12.7101
F1_KNU1_A 27.5469 135.914 -21.9538
F1_KNU1_B 44.2734 160 -7.06064
F1_KNU2_A 17.0262 126.217 -10.7173
F1_KNU3_A 11.0678 122.881 3.78816
F2_KNU1_A 11.2607 136.573 -28.4687
F2_KNU1_B 27.8473 170.503 -11.1256
F2_KNU2_A 1.92569 119.64 -11.4377
F2_KNU3_A -1.31904 114.593 4.87244
TH_KNU1_A -39.3034 142.013 13.7537
TH_KNU1_B -12.4098 140.083 51.5531
TH_KNU2_A -48.6045 138.832 -16.3983
TH_KNU3_A -33.378 130.029 -29.2251
PALM_POSITION 9.37904 163.456 4.16802
PALM_NORMAL -0.219731 -0.88504 -0.410393
