F4_KNU1_A -23.4076 147.917 -41.6539
F4_KNU1_B -10.7349 177.526 -17.9981
F4_KNU2_A -24.7459 126.893 -33.8035
F4_KNU3_A -22.8668 116.625 -21.8203
F3_KNU1_A -6.99218 140.939 -43.024
F3_KNU1_B 9.57384 174.172 -17.9024
F3_KNU2_A -14.9494 118.512 -31.4776
F3_KNU3_A -17.2619 108.957 -17.025
F1_KNU1_A 29.3083 132.426 -23.7459
F1_KNU1_B 44.7475 156.35 -7.28398
F1_KNU2_A 17.2573 122.37 -14.5482
F1_KNU3_A 9.32137 118.624 -1.13044
F2_KNU1_A 13.1176 134.551 -33.2869
F2_KNU1_B 28.8475 167.048 -12.7054
F2_KNU2_A 1.40789 116.105 -19.6292
F2_KNU3_A -3.88069 109.566 -4.42087
TH_KNU1_A -39.9308 143.243 13.2329
TH_KNU1_B -13.8323 144.344 51.6185
TH_KNU2_A -47.3553 136.566 -16.8678
TH_KNU3_A -32.3464 125.993 -28.5652
PALM_POSITION 9.81241 162.219 2.7531
PALM_NORMAL -0.24779 -0.910958 -0.32978
