F4_KNU1_A -21.9526 150.165 -46.2597
F4_KNU1_B -9.58469 176.069 -18.4582
F4_KNU2_A -23.8657 128.198 -41.8752
F4_KNU3_A -22.2983 116.579 -31.1461
F3_KNU1_A -1.34883 144.479 -49.4757
F3_KNU1_B 10.835 173.605 -17.6439
F3_KNU2_A -10.0574 120.299 -43.2253
F3_KNU3_A -13.7305 108.927 -30.4694
F1_KNU1_A 39.3165 135.168 -27.6121
F1_KNU1_B 46.4101 158.013 -5.03964
F1_KNU2_A 26.8685 122.346 -24.208
F1_KNU3_A 16.2443 116.035 -13.9928
F2_KNU1_A 21.3173 139.84 -41.0854
F2_KNU1_B 30.2365 167.657 -11.5257
F2_KNU2_A 9.48939 117.696 -35.2823
F2_KNU3_A 2.56668 107.687 -22.8755
TH_KNU1_A -38.8356 142.229 14.6278
TH_KNU1_B -13.2228 147.21 53.0331
TH_KNU2_A -45.0931 132.904 -15.031
TH_KNU3_A -30.3614 122.174 -26.9354
PALM_POSITION 10.999 162.99 3.731
PALM_NORMAL -0.200712 -0.939642 -0.277107
