F4_KNU1_A -26.837 157.675 -66.4784
F4_KNU1_B -17.0181 164.055 -28.2714
F4_KNU2_A -29.649 136.078 -72.0554
F4_KNU3_A -28.4371 122.736 -63.5057
F3_KNU1_A -0.00966714 156.682 -72.3543
F3_KNU1_B 3.56574 163.992 -28.2657
F3_KNU2_A -6.48409 131.924 -79.0436
F3_KNU3_A -9.65003 117.767 -69.2929
F1_KNU1_A 53.9793 140.756 -43.4973
F1_KNU1_B 41.1871 153.752 -16.1266
F1_KNU2_A 48.1049 124.578 -49.3924
F1_KNU3_A 37.3851 113.636 -44.6598
F2_KNU1_A 29.5905 150.141 -62.3489
F2_KNU1_B 23.7553 160.864 -22.6238
F2_KNU2_A 22.8863 126.153 -68.946
F2_KNU3_A 16.1482 112.758 -60.1588
TH_KNU1_A -45.6065 135.557 11.7506
TH_KNU1_B -14.4339 141.805 45.5888
TH_KNU2_A -47.4757 122.766 -17.2093
TH_KNU3_A -31.2322 112.97 -27.8891
PALM_POSITION 5.81219 155.515 -6.06916
PALM_NORMAL -0.100577 -0.978082 -0.182318
