F4_KNU1_A -28.0011 161.467 -68.2687
F4_KNU1_B -19.3731 164.126 -29.3408
F4_KNU2_A -31.4477 142.584 -79.9743
F4_KNU3_A -31.6551 126.882 -77.5361
F3_KNU1_A 2.49745 161.254 -74.3548
F3_KNU1_B 1.20437 164.53 -29.6601
F3_KNU2_A -1.62878 140.159 -89.7693
F3_KNU3_A -5.57171 123.168 -88.6412
F1_KNU1_A 54.1781 144.165 -45.1737
F1_KNU1_B 39.2351 155.236 -18.0475
F1_KNU2_A 54.0656 129.632 -56.1169
F1_KNU3_A 48.3157 115.168 -59.9597
F2_KNU1_A 28.5096 151.775 -64.0161
F2_KNU1_B 21.5459 161.903 -24.3168
F2_KNU2_A 25.9925 131.373 -79.5523
F2_KNU3_A 21.3003 114.8 -81.8625
TH_KNU1_A -48.8012 137.782 13.0012
TH_KNU1_B -15.1259 142.474 44.6202
TH_KNU2_A -56.097 126.869 -15.8681
TH_KNU3_A -47.6953 116.708 -33.1899
PALM_POSITION 3.99091 156.267 -7.44423
PALM_NORMAL -0.0810578 -0.981405 -0.173995
