F4_KNU1_A -29.2769 165.045 -64.5273
F4_KNU1_B -21.0567 165.217 -25.4211
F4_KNU2_A -33.9912 157.39 -85.1336
F4_KNU3_A -37.1057 148.264 -97.7661
F3_KNU1_A 0.968708 166.86 -71.4045
F3_KNU1_B -0.508283 165.368 -26.6204
F3_KNU2_A -0.123108 159.95 -96.9125
F3_KNU3_A -1.8276 151.596 -112.172
F1_KNU1_A 52.849 148.92 -46.0889
F1_KNU1_B 37.8284 154.733 -17.4134
F1_KNU2_A 58.248 141.455 -61.7761
F1_KNU3_A 60.7619 132.34 -74.7238
F2_KNU1_A 26.3661 160.987 -63.4422
F2_KNU1_B 19.9984 162.081 -22.3891
F2_KNU2_A 27.8001 153.454 -88.0413
F2_KNU3_A 27.3835 145.037 -103.24
TH_KNU1_A -49.7745 139.233 16.9419
TH_KNU1_B -13.9826 138.108 46.4963
TH_KNU2_A -64.8743 134.706 -10.5765
TH_KNU3_A -77.8298 132.886 -27.9753
PALM_POSITION 3.09653 155.451 -5.21389
PALM_NORMAL -0.104789 -0.964704 -0.241591
