F4_KNU1_A -29.7958 169.411 -61.7428
F4_KNU1_B -20.7486 162.498 -23.4382
F4_KNU2_A -35.2458 170.072 -83.5441
F4_KNU3_A -39.2448 168.688 -98.8624
F3_KNU1_A 0.49076 172.483 -68.7868
F3_KNU1_B -0.261083 161.722 -25.2707
F3_KNU2_A -0.0980509 175.451 -95.063
F3_KNU3_A -1.05328 175.514 -112.516
F1_KNU1_A 53.9647 151.432 -46.0501
F1_KNU1_B 37.7879 149.087 -17.5105
F1_KNU2_A 61.7597 150.634 -62.4686
F1_KNU3_A 67.6833 148.397 -77.198
F2_KNU1_A 25.2716 167.229 -61.8087
F2_KNU1_B 20.1846 157.379 -21.7563
F2_KNU2_A 27.2108 170.165 -87.3342
F2_KNU3_A 27.8114 170.319 -104.702
TH_KNU1_A -49.2546 141.739 20.0549
TH_KNU1_B -12.8175 133.303 47.5678
TH_KNU2_A -67.9042 143.295 -5.54855
TH_KNU3_A -84.2607 146.697 -19.5043
PALM_POSITION 3.50907 151.116 -4.22552
PALM_NORMAL -0.157467 -0.952453 -0.26084
