F4_KNU1_A -29.6776 174.327 -60.8767
F4_KNU1_B -20.5483 161.728 -24.0689
F4_KNU2_A -35.1694 178.674 -82.2398
F4_KNU3_A -39.2147 180.082 -97.5437
F3_KNU1_A 0.630134 178.433 -67.2482
F3_KNU1_B -0.0420542 161.329 -25.8109
F3_KNU2_A 0.204368 185.83 -92.6391
F3_KNU3_A -0.545552 189.124 -109.789
F1_KNU1_A 55.5518 156.996 -44.9852
F1_KNU1_B 38.164 149.075 -18.2156
F1_KNU2_A 64.4971 159.896 -60.5588
F1_KNU3_A 71.8001 161.292 -74.7632
F2_KNU1_A 25.4757 173.558 -60.1889
F2_KNU1_B 20.4523 157.209 -22.3131
F2_KNU2_A 27.75 181.455 -84.6099
F2_KNU3_A 28.7768 185.421 -101.499
TH_KNU1_A -48.3099 141.021 18.4299
TH_KNU1_B -12.5095 130.588 46.0937
TH_KNU2_A -67.6255 144.967 -6.41162
TH_KNU3_A -84.1462 149.679 -19.781
PALM_POSITION 3.79093 150.171 -5.06511
PALM_NORMAL -0.140955 -0.946745 -0.289493
