F4_KNU1_A -37.9654 158.965 -66.2029
F4_KNU1_B -25.0883 146.986 -30.3198
F4_KNU2_A -44.4127 162.403 -87.4643
F4_KNU3_A -48.3727 162.705 -102.852
F3_KNU1_A -12.7985 175.337 -70.9954
F3_KNU1_B -6.00131 154.536 -31.866
F3_KNU2_A -16.5766 184.883 -95.3717
F3_KNU3_A -18.9029 189.456 -112.081
F1_KNU1_A 40.9723 178.881 -47.9705
F1_KNU1_B 33.5695 159.013 -22.8281
F1_KNU2_A 45.0769 188.476 -62.8718
F1_KNU3_A 48.6731 195.71 -76.7203
F2_KNU1_A 11.3562 181.392 -62.8034
F2_KNU1_B 14.2926 159.132 -27.8324
F2_KNU2_A 9.60046 193.04 -85.7197
F2_KNU3_A 8.46703 199.474 -101.824
TH_KNU1_A -44.2659 127.526 12.7687
TH_KNU1_B -8.7022 127.784 42.6175
TH_KNU2_A -62.8031 126.21 -12.9296
TH_KNU3_A -79.1877 126.023 -27.2609
PALM_POSITION 0.944935 147.645 -10.0977
PALM_NORMAL 0.25351 -0.947237 -0.196148
