F4_KNU1_A -38.3629 154.325 -66.3113
F4_KNU1_B -25.1057 143.239 -30.2801
F4_KNU2_A -44.8321 157.339 -87.6303
F4_KNU3_A -48.6848 157.389 -103.048
F3_KNU1_A -14.4244 172.227 -71.1248
F3_KNU1_B -6.5238 151.938 -31.9334
F3_KNU2_A -18.7 181.595 -95.4877
F3_KNU3_A -21.2587 186.125 -112.175
F1_KNU1_A 38.2129 179.587 -47.9876
F1_KNU1_B 32.6518 159.078 -22.8851
F1_KNU2_A 41.3703 189.732 -62.7553
F1_KNU3_A 44.2034 197.617 -76.4244
F2_KNU1_A 9.16268 180.15 -62.7721
F2_KNU1_B 13.4255 157.882 -27.9427
F2_KNU2_A 6.69526 192.057 -85.4889
F2_KNU3_A 5.15384 198.828 -101.42
TH_KNU1_A -43.3767 124.089 13.3149
TH_KNU1_B -7.84013 126.627 43.0891
TH_KNU2_A -60.9404 121.372 -12.951
TH_KNU3_A -77.4017 120.145 -27.1425
PALM_POSITION 0.753615 145.952 -10.0062
PALM_NORMAL 0.313208 -0.93333 -0.175486
