F4_KNU1_A -30.0418 151.077 -69.1495
F4_KNU1_B -16.3598 142.052 -32.7045
F4_KNU2_A -35.9955 153.677 -90.6723
F4_KNU3_A -39.0226 153.907 -106.272
F3_KNU1_A -12.2791 174.564 -72.4278
F3_KNU1_B -1.05267 155.801 -33.2877
F3_KNU2_A -18.1138 184.095 -96.401
F3_KNU3_A -21.4664 189.417 -112.709
F1_KNU1_A 31.038 195.383 -46.731
F1_KNU1_B 33.8576 173.785 -22.0881
F1_KNU2_A 29.6125 206.949 -60.7011
F1_KNU3_A 28.4697 216.814 -73.2873
F2_KNU1_A 7.03608 189.254 -62.2135
F2_KNU1_B 16.0838 167.182 -28.183
F2_KNU2_A 1.71986 202.291 -83.7937
F2_KNU3_A -1.67397 210.659 -98.6419
TH_KNU1_A -31.4263 121.376 9.48673
TH_KNU1_B 1.3508 129.479 41.3585
TH_KNU2_A -45.5338 117.358 -18.6307
TH_KNU3_A -60.4287 113.641 -34.0645
PALM_POSITION 6.56053 151.681 -11.047
PALM_NORMAL 0.579338 -0.798105 -0.165517
