F4_KNU1_A -29.563 151.466 -69.8846
F4_KNU1_B -15.9126 142.86 -33.3262
F4_KNU2_A -35.5859 154.14 -91.3789
F4_KNU3_A -38.7259 154.621 -106.95
F3_KNU1_A -12.6317 176.455 -72.868
F3_KNU1_B -1.15635 157.193 -34.0435
F3_KNU2_A -18.8703 186.899 -96.3541
F3_KNU3_A -22.6554 193.217 -112.206
F1_KNU1_A 29.2494 197.739 -47.9583
F1_KNU1_B 32.9323 176.733 -22.9203
F1_KNU2_A 27.3531 208.999 -62.1208
F1_KNU3_A 25.8013 218.615 -74.8559
F2_KNU1_A 5.77328 190.737 -63.2928
F2_KNU1_B 15.4789 169.329 -29.0204
F2_KNU2_A -0.0371621 203.598 -84.8509
F2_KNU3_A -3.82136 212.005 -99.5829
TH_KNU1_A -29.9982 122.758 8.51977
TH_KNU1_B 1.72753 132.261 41.0616
TH_KNU2_A -44.4599 117.788 -19.2636
TH_KNU3_A -58.9875 113.402 -34.871
PALM_POSITION 6.44748 153.756 -11.6837
PALM_NORMAL 0.611612 -0.77724 -0.147749
