F4_KNU1_A -34.3161 150.37 -66.8767
F4_KNU1_B -19.5409 143.873 -30.3202
F4_KNU2_A -41.1821 151.782 -88.2379
F4_KNU3_A -45.0443 151.33 -103.647
F3_KNU1_A -16.1302 173.621 -72.8345
F3_KNU1_B -4.123 157.274 -32.8515
F3_KNU2_A -22.6663 182.086 -97.0256
F3_KNU3_A -26.6341 186.934 -113.344
F1_KNU1_A 28.3821 194.65 -51.5848
F1_KNU1_B 31.303 175.891 -24.7284
F1_KNU2_A 26.9393 204.442 -66.8489
F1_KNU3_A 25.8144 212.571 -80.6226
F2_KNU1_A 3.66212 187.57 -65.396
F2_KNU1_B 13.2797 168.908 -29.5304
F2_KNU2_A -2.04036 198.481 -88.0313
F2_KNU3_A -5.71576 205.41 -103.539
TH_KNU1_A -32.5006 128.105 13.218
TH_KNU1_B 0.380302 139.116 44.0948
TH_KNU2_A -48.9686 121.094 -12.9626
TH_KNU3_A -64.455 115.928 -27.3625
PALM_POSITION 4.14932 155.472 -10.5376
PALM_NORMAL 0.56578 -0.81897 -0.0958196
