F4_KNU1_A -44.3538 164.107 -62.2548
F4_KNU1_B -29.905 157.337 -25.6175
F4_KNU2_A -52.6312 163.263 -83.1404
F4_KNU3_A -58.3603 159.707 -97.531
F3_KNU1_A -15.4385 169.899 -73.4985
F3_KNU1_B -9.95895 159.433 -30.2496
F3_KNU2_A -19.4992 170.622 -99.6249
F3_KNU3_A -22.5843 167.742 -116.587
F1_KNU1_A 37.6594 162.741 -56.3812
F1_KNU1_B 30.4325 156.793 -24.852
F1_KNU2_A 40.5185 162.148 -74.3378
F1_KNU3_A 42.0193 158.546 -89.8884
F2_KNU1_A 10.1128 169.535 -69.1882
F2_KNU1_B 11.1733 160.053 -28.7399
F2_KNU2_A 8.45653 170.376 -94.888
F2_KNU3_A 6.75789 167.788 -111.989
TH_KNU1_A -48.6066 159.125 23.7169
TH_KNU1_B -9.70359 155.944 48.8609
TH_KNU2_A -69.7494 156.652 0.208818
TH_KNU3_A -88.7084 158.976 -10.233
PALM_POSITION -2.17964 157.453 -7.77403
PALM_NORMAL 0.0232676 -0.996281 0.0829606
