F4_KNU1_A -41.1506 170.963 -63.6034
F4_KNU1_B -28.4481 162.03 -26.783
F4_KNU2_A -49.3366 170.91 -84.542
F4_KNU3_A -55.522 167.636 -98.8099
F3_KNU1_A -11.5049 170.834 -74.4744
F3_KNU1_B -8.34106 160.583 -30.9438
F3_KNU2_A -15.4544 170.617 -100.627
F3_KNU3_A -19.1843 166.68 -117.244
F1_KNU1_A 39.1269 154.869 -56.2332
F1_KNU1_B 30.7957 150.748 -24.6848
F1_KNU2_A 41.421 152.632 -74.1413
F1_KNU3_A 41.4721 147.211 -89.2297
F2_KNU1_A 13.6934 166.506 -69.4927
F2_KNU1_B 12.5221 157.418 -28.9573
F2_KNU2_A 12.0339 166.001 -95.2011
F2_KNU3_A 9.50284 161.881 -111.893
TH_KNU1_A -47.6482 167.35 22.3114
TH_KNU1_B -10.6192 156.419 48.1018
TH_KNU2_A -68.687 169.726 -1.29987
TH_KNU3_A -86.4585 175.488 -12.4736
PALM_POSITION -1.58225 157.055 -8.32815
PALM_NORMAL -0.156195 -0.985194 0.070686
