F4_KNU1_A -30.9118 192.548 -67.4634
F4_KNU1_B -22.6876 180.856 -30.1464
F4_KNU2_A -38.0869 195.885 -88.5067
F4_KNU3_A -44.598 196.17 -103.001
F3_KNU1_A -4.41563 177.092 -77.6119
F3_KNU1_B -5.36554 170.2 -33.3218
F3_KNU2_A -7.42347 177.642 -103.885
F3_KNU3_A -11.4423 175.936 -120.81
F1_KNU1_A 32.2596 140.617 -57.2008
F1_KNU1_B 24.1925 143.155 -25.4176
F1_KNU2_A 33.3022 136.897 -74.9784
F1_KNU3_A 31.5657 131.984 -90.1407
F2_KNU1_A 15.6625 162.644 -71.4213
F2_KNU1_B 11.4437 157.628 -30.3831
F2_KNU2_A 14.6648 162.602 -97.1688
F2_KNU3_A 11.8429 160.683 -114.209
TH_KNU1_A -38.7964 195.565 18.183
TH_KNU1_B -14.183 167.033 45.3099
TH_KNU2_A -54.5276 210.763 -4.78046
TH_KNU3_A -66.0604 224.104 -17.5438
PALM_POSITION -2.43966 163.762 -10.5273
PALM_NORMAL -0.601838 -0.798123 0.0281242
