F4_KNU1_A -30.1341 193.87 -67.3756
F4_KNU1_B -21.6865 182.035 -30.1538
F4_KNU2_A -37.2567 197.753 -88.3429
F4_KNU3_A -43.64 198.734 -102.863
F3_KNU1_A -3.89873 177.406 -77.6475
F3_KNU1_B -4.83944 170.645 -33.337
F3_KNU2_A -6.76691 178.307 -103.926
F3_KNU3_A -10.609 177.089 -120.934
F1_KNU1_A 31.1869 139.553 -57.3913
F1_KNU1_B 23.4215 142.217 -25.5432
F1_KNU2_A 32.1565 136.049 -75.2167
F1_KNU3_A 30.4445 131.526 -90.5027
F2_KNU1_A 15.6194 162.287 -71.4691
F2_KNU1_B 11.3685 157.3 -30.4306
F2_KNU2_A 14.7892 162.624 -97.2203
F2_KNU3_A 12.1717 161.198 -114.342
TH_KNU1_A -37.6408 196.563 17.9856
TH_KNU1_B -14.3146 167.049 45.1997
TH_KNU2_A -52.7891 212.974 -4.53053
TH_KNU3_A -63.6709 226.482 -17.6829
PALM_POSITION -2.35764 163.842 -10.5959
PALM_NORMAL -0.637231 -0.770512 0.0157531
