F4_KNU1_A -26.5606 197.247 -67.4437
F4_KNU1_B -18.4046 184.778 -30.3642
F4_KNU2_A -33.4434 201.779 -88.361
F4_KNU3_A -39.6194 203.409 -102.913
F3_KNU1_A -0.986297 179.308 -77.909
F3_KNU1_B -2.0338 172.72 -33.5747
F3_KNU2_A -3.67174 180.45 -104.197
F3_KNU3_A -7.31417 179.605 -121.272
F1_KNU1_A 32.4561 139.653 -57.8708
F1_KNU1_B 24.821 142.893 -26.0447
F1_KNU2_A 33.5969 136.168 -75.6899
F1_KNU3_A 32.2432 131.909 -91.0873
F2_KNU1_A 17.6782 163.471 -71.814
F2_KNU1_B 13.522 158.604 -30.7513
F2_KNU2_A 17.0713 164.176 -97.564
F2_KNU3_A 14.7855 163.274 -114.768
TH_KNU1_A -34.9618 197.944 17.2049
TH_KNU1_B -12.8187 167.806 44.7212
TH_KNU2_A -49.6464 216 -4.33824
TH_KNU3_A -59.9538 229.637 -17.8172
PALM_POSITION -0.192305 165.31 -10.9632
PALM_NORMAL -0.67092 -0.741453 -0.010653
