F4_KNU1_A -32.1149 196.316 -64.1823
F4_KNU1_B -20.6453 182.509 -28.4792
F4_KNU2_A -39.537 202.095 -84.6018
F4_KNU3_A -45.3257 204.951 -99.1239
F3_KNU1_A -1.94588 188.387 -74.4911
F3_KNU1_B -1.30099 176.099 -31.3793
F3_KNU2_A -4.21054 192.839 -100.465
F3_KNU3_A -6.76212 194.146 -117.708
F1_KNU1_A 47.3653 155.206 -53.9824
F1_KNU1_B 32.5467 154.272 -24.6356
F1_KNU2_A 53.8266 153.824 -70.9326
F1_KNU3_A 58.0903 151.173 -86.1589
F2_KNU1_A 21.6928 177.329 -68.5798
F2_KNU1_B 17.4818 166.671 -28.6327
F2_KNU2_A 22.2287 181.238 -94.0427
F2_KNU3_A 21.3672 182.252 -111.371
TH_KNU1_A -45.5491 180.86 18.106
TH_KNU1_B -15.1427 157.576 44.3573
TH_KNU2_A -65.6518 195.726 -1.40389
TH_KNU3_A -80.0311 206.843 -13.3841
PALM_POSITION 1.17847 166.452 -9.69131
PALM_NORMAL -0.423538 -0.891145 -0.162717
