F4_KNU1_A -36.7541 195.267 -63.6745
F4_KNU1_B -23.8233 180.516 -28.8594
F4_KNU2_A -44.8614 201.177 -83.7936
F4_KNU3_A -51.0355 203.867 -98.1881
F3_KNU1_A -5.5368 192.619 -73.7082
F3_KNU1_B -3.8131 176.71 -31.8276
F3_KNU2_A -8.27071 198.702 -99.3035
F3_KNU3_A -11.0365 200.749 -116.441
F1_KNU1_A 48.8426 163.589 -53.8773
F1_KNU1_B 32.4425 158.928 -25.7523
F1_KNU2_A 56.5239 164.135 -70.3596
F1_KNU3_A 62.0956 163.03 -85.3523
F2_KNU1_A 19.1878 184.267 -68.0497
F2_KNU1_B 15.9785 169.554 -29.3157
F2_KNU2_A 19.2961 190.271 -93.1071
F2_KNU3_A 18.2523 192.399 -110.323
TH_KNU1_A -49.5639 172.067 17.4323
TH_KNU1_B -15.7403 152.742 42.6975
TH_KNU2_A -71.7031 184.195 -1.76495
TH_KNU3_A -87.8953 193.648 -12.8247
PALM_POSITION -0.295151 166.342 -10.6215
PALM_NORMAL -0.308279 -0.927203 -0.212741
