F4_KNU1_A -48.6148 194.548 -59.9079
F4_KNU1_B -33.3395 177.061 -27.3846
F4_KNU2_A -57.7119 201.193 -79.3634
F4_KNU3_A -64.3314 203.817 -93.571
F3_KNU1_A -17.8093 200.368 -68.9794
F3_KNU1_B -13.0087 177.865 -30.5007
F3_KNU2_A -21.7609 210.037 -93.2794
F3_KNU3_A -24.9847 214.15 -109.959
F1_KNU1_A 45.6209 178.104 -50.0705
F1_KNU1_B 26.2758 167.895 -25.5096
F1_KNU2_A 55.6823 181.78 -64.7751
F1_KNU3_A 63.9116 183.4 -78.439
F2_KNU1_A 8.43111 196.65 -63.842
F2_KNU1_B 7.88112 174.965 -28.3944
F2_KNU2_A 7.66054 207.145 -87.3622
F2_KNU3_A 6.4696 212.306 -103.914
TH_KNU1_A -57.6243 154.728 17.9083
TH_KNU1_B -18.7894 146.606 42.0264
TH_KNU2_A -83.0335 159.522 -0.453306
TH_KNU3_A -102.563 164.376 -8.75506
PALM_POSITION -7.14149 166.998 -10.0782
PALM_NORMAL -0.104137 -0.954046 -0.280985
