F4_KNU1_A -49.9456 192.996 -60.5894
F4_KNU1_B -34.2116 175.513 -28.283
F4_KNU2_A -59.2447 199.789 -79.8978
F4_KNU3_A -65.9813 202.606 -94.013
F3_KNU1_A -19.1294 199.224 -69.7635
F3_KNU1_B -13.8921 176.723 -31.3408
F3_KNU2_A -23.2018 209.127 -93.9494
F3_KNU3_A -26.4312 213.539 -110.551
F1_KNU1_A 45.7744 177.501 -50.1316
F1_KNU1_B 25.5811 167.665 -26.107
F1_KNU2_A 56.3987 180.99 -64.4816
F1_KNU3_A 65.1987 182.465 -77.8019
F2_KNU1_A 7.65646 195.93 -64.6137
F2_KNU1_B 7.04805 174.301 -29.1327
F2_KNU2_A 7.06258 206.555 -88.0804
F2_KNU3_A 6.07203 211.911 -104.584
TH_KNU1_A -58.4818 151.268 17.2112
TH_KNU1_B -19.2519 146.168 41.5175
TH_KNU2_A -84.4049 154.155 -0.828175
TH_KNU3_A -104.41 157.895 -8.553
PALM_POSITION -7.86343 166.218 -10.7769
PALM_NORMAL -0.0824538 -0.959194 -0.27046
