F4_KNU1_A -50.8446 191.972 -60.8556
F4_KNU1_B -34.9313 174.348 -28.714
F4_KNU2_A -60.2059 199.052 -80.0303
F4_KNU3_A -66.9765 202.2 -94.059
F3_KNU1_A -20.2856 198.838 -69.8387
F3_KNU1_B -14.631 175.806 -31.7914
F3_KNU2_A -24.4616 209.52 -93.6723
F3_KNU3_A -27.6879 214.738 -110.04
F1_KNU1_A 45.1879 179.512 -49.3962
F1_KNU1_B 24.9619 167.318 -26.5074
F1_KNU2_A 56.1337 185.072 -62.8219
F1_KNU3_A 65.5299 188.979 -75.2111
F2_KNU1_A 7.17081 196.038 -64.5979
F2_KNU1_B 6.34056 173.681 -29.5751
F2_KNU2_A 6.92082 207.641 -87.603
F2_KNU3_A 6.28081 213.994 -103.766
TH_KNU1_A -58.9876 149.68 17.1135
TH_KNU1_B -19.5525 145.748 41.3045
TH_KNU2_A -84.9978 151.733 -0.914702
TH_KNU3_A -105.142 154.984 -8.49759
PALM_POSITION -8.45412 165.542 -11.1496
PALM_NORMAL -0.0697277 -0.962281 -0.26297
