F4_KNU1_A -41.0121 200.787 -30.1118
F4_KNU1_B -36.7452 174.475 3.58117
F4_KNU2_A -43.386 211.32 -51.7366
F4_KNU3_A -44.9918 215.977 -68.0968
F3_KNU1_A -24.6006 145.734 -33.0118
F3_KNU1_B -14.8888 177.512 1.90459
F3_KNU2_A -24.3444 118.882 -23.6574
F3_KNU3_A -21.9639 107.166 -9.15859
F1_KNU1_A 24.331 186.113 -24.6971
F1_KNU1_B 27.74 167.542 5.19908
F1_KNU2_A 21.1523 193.382 -42.5746
F1_KNU3_A 17.5224 197.569 -58.8963
F2_KNU1_A 0.721057 174.938 -40.098
F2_KNU1_B 7.63802 174.826 4.04282
F2_KNU2_A -4.4667 169.618 -66.7848
F2_KNU3_A -8.2938 163.681 -84.0822
TH_KNU1_A -51.7348 140.794 29.8291
TH_KNU1_B -21.4467 117.557 61.9919
TH_KNU2_A -68.4983 156.198 4.44739
TH_KNU3_A -77.2078 166.238 -14.8154
PALM_POSITION -8.55956 158.937 18.4365
PALM_NORMAL -0.0360598 -0.789824 -0.612273
