F4_KNU1_A -50.6103 184.841 -62.5665
F4_KNU1_B -33.7652 169.779 -29.6081
F4_KNU2_A -60.0774 190.545 -82.144
F4_KNU3_A -66.6665 192.783 -96.4314
F3_KNU1_A -22.2262 197.493 -69.4374
F3_KNU1_B -13.7713 173.881 -32.2753
F3_KNU2_A -27.563 209.345 -92.4733
F3_KNU3_A -31.2764 215.858 -108.263
F1_KNU1_A 42.7955 188.97 -48.0552
F1_KNU1_B 26.4722 170.687 -26.1246
F1_KNU2_A 51.8112 198.7 -60.5057
F1_KNU3_A 59.7397 206.948 -71.7375
F2_KNU1_A 6.21853 199.333 -62.9495
F2_KNU1_B 7.24588 174.538 -29.6143
F2_KNU2_A 5.32443 213.449 -84.4873
F2_KNU3_A 4.56095 222.143 -99.5153
TH_KNU1_A -56.351 146.149 17.6055
TH_KNU1_B -16.2545 143.682 40.8858
TH_KNU2_A -81.7541 146.883 -1.36577
TH_KNU3_A -102.112 149.001 -8.7796
PALM_POSITION -6.73993 164.587 -11.4483
PALM_NORMAL 0.0628265 -0.963974 -0.258472
