F4_KNU1_A -48.509 175.451 -63.8778
F4_KNU1_B -31.4098 162.997 -29.9749
F4_KNU2_A -57.637 179.581 -84.004
F4_KNU3_A -63.6769 180.644 -98.6651
F3_KNU1_A -22.6586 193.655 -68.7839
F3_KNU1_B -12.1928 170.05 -32.1329
F3_KNU2_A -28.852 206.098 -91.2877
F3_KNU3_A -32.9409 213.373 -106.646
F1_KNU1_A 37.6907 194.441 -47.746
F1_KNU1_B 27.8441 173.133 -24.7087
F1_KNU2_A 43.1484 205.986 -60.7031
F1_KNU3_A 47.9662 215.955 -72.2984
F2_KNU1_A 4.0801 199.101 -61.6599
F2_KNU1_B 8.382 173.948 -28.8585
F2_KNU2_A 1.37723 213.919 -82.5654
F2_KNU3_A -0.466163 223.405 -97.0101
TH_KNU1_A -52.0125 140.92 17.2281
TH_KNU1_B -12.4806 141.117 41.5792
TH_KNU2_A -76.5265 140.106 -2.87585
TH_KNU3_A -96.7067 140.598 -11.0238
PALM_POSITION -4.52448 162.304 -10.9015
PALM_NORMAL 0.216861 -0.947543 -0.234806
