F4_KNU1_A -34.5838 159.057 -66.2744
F4_KNU1_B -26.9447 161.919 -27.1547
F4_KNU2_A -37.8128 154.377 -88.0254
F4_KNU3_A -39.4919 149.473 -103.048
F3_KNU1_A -19.3664 194.867 -63.9894
F3_KNU1_B -7.84545 169.382 -28.9497
F3_KNU2_A -26.1731 208.606 -85.5423
F3_KNU3_A -30.6631 216.857 -100.283
F1_KNU1_A 37.7567 194.842 -45.11
F1_KNU1_B 32.1996 172.528 -21.5963
F1_KNU2_A 40.7872 206.506 -58.7382
F1_KNU3_A 43.4158 216.201 -71.2344
F2_KNU1_A 7.11879 199.926 -57.0052
F2_KNU1_B 12.697 173.343 -25.5513
F2_KNU2_A 3.62223 215.6 -77.1553
F2_KNU3_A 1.24324 225.642 -91.138
TH_KNU1_A -44.9039 136.844 15.5835
TH_KNU1_B -7.16709 135.453 42.5981
TH_KNU2_A -67.4095 137.334 -6.75527
TH_KNU3_A -85.7953 138.095 -18.3854
PALM_POSITION 0.0919317 160.307 -8.3526
PALM_NORMAL 0.228333 -0.925933 -0.300853
