F4_KNU1_A -41.4612 199.102 -32.8477
F4_KNU1_B -37.1593 173.428 1.32997
F4_KNU2_A -43.873 209.111 -54.7158
F4_KNU3_A -45.5137 213.33 -71.1909
F3_KNU1_A -25.9068 152.932 -41.0678
F3_KNU1_B -15.2713 176.277 -0.261402
F3_KNU2_A -27.8059 124.565 -40.4898
F3_KNU3_A -26.6815 108.839 -30.2631
F1_KNU1_A 24.2757 184.786 -26.689
F1_KNU1_B 27.254 165.877 3.04066
F1_KNU2_A 21.3303 192.328 -44.4935
F1_KNU3_A 17.8953 196.812 -60.7783
F2_KNU1_A 1.08318 173.664 -42.348
F2_KNU1_B 7.22389 173.36 1.90653
F2_KNU2_A -3.67437 168.797 -69.2008
F2_KNU3_A -7.24808 163.305 -86.6982
TH_KNU1_A -52.7891 140.23 27.9071
TH_KNU1_B -22.5439 115.793 59.2091
TH_KNU2_A -69.5784 156.486 3.08063
TH_KNU3_A -78.1909 167.09 -15.9226
PALM_POSITION -9.15843 157.481 16.1005
PALM_NORMAL -0.0418225 -0.783331 -0.620197
