F4_KNU1_A -43.6621 185.685 -58.4986
F4_KNU1_B -30.1905 165.263 -26.9015
F4_KNU2_A -51.199 196.041 -76.9749
F4_KNU3_A -56.483 202.609 -90.4473
F3_KNU1_A -17.3141 188.835 -70.0777
F3_KNU1_B -10.4959 170.545 -29.7163
F3_KNU2_A -21.4602 196.874 -94.9328
F3_KNU3_A -24.2439 200.54 -111.795
F1_KNU1_A 37.6069 191.299 -47.5652
F1_KNU1_B 29.9707 169.244 -24.3928
F1_KNU2_A 41.6717 202.712 -61.1371
F1_KNU3_A 45.1087 212.078 -73.6872
F2_KNU1_A 7.69707 198.987 -59.0389
F2_KNU1_B 10.5045 172.209 -27.3818
F2_KNU2_A 5.72541 214.238 -79.7134
F2_KNU3_A 4.25411 223.623 -94.266
TH_KNU1_A -47.6773 140.487 15.155
TH_KNU1_B -9.97794 137.056 42.0395
TH_KNU2_A -69.5596 141.758 -7.76467
TH_KNU3_A -87.4873 143.445 -19.9969
PALM_POSITION -2.58558 160.731 -9.4508
PALM_NORMAL 0.10867 -0.946868 -0.302707
