F4_KNU1_A -41.3236 186.468 -57.9386
F4_KNU1_B -29.9087 164.292 -26.7166
F4_KNU2_A -47.7745 197.583 -76.3855
F4_KNU3_A -52.3321 204.5 -89.9477
F3_KNU1_A -15.6301 170.662 -74.052
F3_KNU1_B -9.9711 168.499 -29.6299
F3_KNU2_A -19.1477 166.368 -99.9127
F3_KNU3_A -21.4927 160.692 -116.278
F1_KNU1_A 37.924 186.259 -48.3255
F1_KNU1_B 30.3498 165.688 -23.8075
F1_KNU2_A 41.9141 196.879 -62.5479
F1_KNU3_A 45.2535 205.576 -75.5963
F2_KNU1_A 9.36425 192.565 -61.6008
F2_KNU1_B 11.0642 169.347 -27.1745
F2_KNU2_A 7.952 205.098 -84.0693
F2_KNU3_A 6.78133 212.331 -99.8282
TH_KNU1_A -48.7651 142.064 16.3447
TH_KNU1_B -11.5583 139.37 43.9885
TH_KNU2_A -69.5646 142.111 -7.5957
TH_KNU3_A -87.2927 143.501 -20.1519
PALM_POSITION -2.68004 159.565 -8.73445
PALM_NORMAL 0.0675679 -0.967216 -0.2448
