F4_KNU1_A -38.2429 181.51 -59.9955
F4_KNU1_B -28.0025 162.197 -26.5432
F4_KNU2_A -43.9188 189.472 -80.2398
F4_KNU3_A -47.8036 193.126 -95.2103
F3_KNU1_A -12.2568 164.068 -73.4817
F3_KNU1_B -7.96499 166.272 -28.9088
F3_KNU2_A -14.9648 157.409 -98.9361
F3_KNU3_A -16.7926 150.414 -114.85
F1_KNU1_A 38.2189 180.906 -49.0521
F1_KNU1_B 32.1687 163.113 -22.0616
F1_KNU2_A 41.3437 189.987 -64.5034
F1_KNU3_A 43.9126 197.358 -78.5076
F2_KNU1_A 11.4658 183.983 -63.7751
F2_KNU1_B 13.0051 166.942 -25.9025
F2_KNU2_A 10.1544 192.316 -88.122
F2_KNU3_A 9.06372 196.565 -104.938
TH_KNU1_A -48.8662 138.894 16.7223
TH_KNU1_B -11.6835 136.659 44.4395
TH_KNU2_A -68.7821 138.309 -7.95116
TH_KNU3_A -86.8035 139.627 -20.0907
PALM_POSITION -1.28669 157.142 -7.89371
PALM_NORMAL 0.0666829 -0.966031 -0.249676
