F4_KNU1_A -42.2571 181.412 -59.1894
F4_KNU1_B -29.7741 165.974 -24.509
F4_KNU2_A -49.1701 188.452 -79.3905
F4_KNU3_A -53.9652 192.404 -94.0174
F3_KNU1_A -17.303 186.055 -68.3842
F3_KNU1_B -9.84278 170.462 -27.0171
F3_KNU2_A -21.8622 193.179 -93.4453
F3_KNU3_A -24.9471 196.71 -110.284
F1_KNU1_A 36.5798 183.412 -49.6159
F1_KNU1_B 30.5049 166.878 -21.8413
F1_KNU2_A 39.7127 191.805 -65.4494
F1_KNU3_A 42.2925 198.606 -79.7372
F2_KNU1_A 11.8573 183.765 -64.1442
F2_KNU1_B 11.2097 170.961 -24.6129
F2_KNU2_A 11.9658 189.524 -89.2591
F2_KNU3_A 11.8747 192.165 -106.436
TH_KNU1_A -49.2266 137.935 16.6207
TH_KNU1_B -11.0601 132.587 42.515
TH_KNU2_A -69.9424 140.185 -7.28652
TH_KNU3_A -88.2399 142.809 -18.784
PALM_POSITION -2.44882 159.035 -7.41264
PALM_NORMAL 0.0632701 -0.930344 -0.361189
