F4_KNU1_A -46.2794 184.697 -56.5975
F4_KNU1_B -32.6781 166.47 -23.7389
F4_KNU2_A -53.9358 193.596 -75.7708
F4_KNU3_A -59.3304 199.024 -89.6989
F3_KNU1_A -19.1885 191.885 -65.1516
F3_KNU1_B -12.6343 170.334 -26.3881
F3_KNU2_A -23.2362 203.355 -88.639
F3_KNU3_A -26.0099 210.195 -104.483
F1_KNU1_A 32.1392 186.91 -46.0444
F1_KNU1_B 27.6175 165.476 -21.5125
F1_KNU2_A 34.0634 197.325 -60.836
F1_KNU3_A 35.2748 205.243 -74.7247
F2_KNU1_A 11.3162 173.75 -65.4414
F2_KNU1_B 8.44035 170.167 -24.1378
F2_KNU2_A 12.4339 172.21 -91.1379
F2_KNU3_A 12.8294 169.226 -108.254
TH_KNU1_A -52.3882 139.508 17.1727
TH_KNU1_B -14.5342 132.42 43.1076
TH_KNU2_A -73.7789 143.033 -5.97416
TH_KNU3_A -91.6977 146.41 -17.8648
PALM_POSITION -5.46038 158.653 -6.85147
PALM_NORMAL 0.0313581 -0.931373 -0.362712
