F4_KNU1_A -47.8377 186.124 -56.2266
F4_KNU1_B -34.1127 166.724 -24.0994
F4_KNU2_A -55.6118 195.709 -75.0185
F4_KNU3_A -61.1194 201.62 -88.7033
F3_KNU1_A -19.5266 192.293 -65.4644
F3_KNU1_B -14.02 170.293 -26.7903
F3_KNU2_A -22.9774 203.995 -88.9325
F3_KNU3_A -25.3708 210.959 -104.785
F1_KNU1_A 29.4875 187.197 -45.8124
F1_KNU1_B 26.1613 165.138 -21.646
F1_KNU2_A 30.6124 197.791 -60.5592
F1_KNU3_A 31.0072 205.691 -74.5052
F2_KNU1_A 10.0124 165.215 -65.646
F2_KNU1_B 7.04472 169.961 -24.4663
F2_KNU2_A 11.0044 158.256 -90.4355
F2_KNU3_A 11.2454 151.665 -106.514
TH_KNU1_A -54.1203 141.201 17.3352
TH_KNU1_B -16.5439 134.383 43.7422
TH_KNU2_A -75.552 144.418 -5.81848
TH_KNU3_A -93.3489 147.68 -17.9224
PALM_POSITION -7.03318 159.092 -6.90777
PALM_NORMAL 0.0222467 -0.941547 -0.336147
