F4_KNU1_A -49.9919 184.29 -55.3246
F4_KNU1_B -35.8137 165.065 -23.2891
F4_KNU2_A -58.0002 193.681 -74.1161
F4_KNU3_A -63.6563 199.387 -87.8275
F3_KNU1_A -21.2058 189.111 -65.2847
F3_KNU1_B -15.7404 168.997 -25.5912
F3_KNU2_A -24.6736 198.926 -89.6003
F3_KNU3_A -27.093 204.18 -106.095
F1_KNU1_A 25.0908 185.047 -45.3435
F1_KNU1_B 24.4112 164.713 -19.5025
F1_KNU2_A 24.0076 192.569 -61.8724
F1_KNU3_A 21.9423 195.868 -77.4255
F2_KNU1_A 6.07593 150.215 -59.8078
F2_KNU1_B 5.27044 169.116 -22.8049
F2_KNU2_A 5.60515 134.447 -80.1814
F2_KNU3_A 4.87566 122.269 -92.5574
TH_KNU1_A -56.3261 140.375 18.337
TH_KNU1_B -19.1132 133.995 45.3607
TH_KNU2_A -77.9692 143.501 -4.63188
TH_KNU3_A -95.3973 146.486 -17.3294
PALM_POSITION -8.97509 158.206 -5.40793
PALM_NORMAL 0.0481115 -0.945347 -0.322496
