F4_KNU1_A -49.6814 183.236 -55.7619
F4_KNU1_B -35.4552 164.715 -23.3352
F4_KNU2_A -57.6767 192.172 -74.7794
F4_KNU3_A -63.2971 197.532 -88.6444
F3_KNU1_A -21.7449 189.03 -65.0879
F3_KNU1_B -15.4171 168.874 -25.544
F3_KNU2_A -25.6917 198.992 -89.2701
F3_KNU3_A -28.4095 204.428 -105.659
F1_KNU1_A 25.6562 185.613 -45.0291
F1_KNU1_B 24.7762 164.73 -19.6365
F1_KNU2_A 24.676 193.334 -61.4729
F1_KNU3_A 22.6949 196.69 -77.0248
F2_KNU1_A 7.74979 155.546 -62.0166
F2_KNU1_B 5.59629 169.077 -22.7817
F2_KNU2_A 8.36492 143.802 -84.9433
F2_KNU3_A 8.45135 134.464 -99.5999
TH_KNU1_A -55.8233 139.092 17.8438
TH_KNU1_B -18.4066 131.742 44.3345
TH_KNU2_A -77.979 143.156 -4.48051
TH_KNU3_A -95.4963 146.594 -16.9384
PALM_POSITION -8.5364 157.539 -5.7007
PALM_NORMAL 0.0551133 -0.934879 -0.350661
