F4_KNU1_A -52.753 186.078 -54.6677
F4_KNU1_B -38.5209 168.46 -21.7443
F4_KNU2_A -60.8511 194.573 -73.843
F4_KNU3_A -66.6085 199.707 -87.7372
F3_KNU1_A -27.4067 192.934 -63.536
F3_KNU1_B -18.4384 171.012 -25.47
F3_KNU2_A -33.0085 204.602 -86.6024
F3_KNU3_A -36.878 211.578 -102.155
F1_KNU1_A 29.5867 183.219 -48.1829
F1_KNU1_B 21.5329 162.854 -23.6448
F1_KNU2_A 33.2225 192.82 -63.2019
F1_KNU3_A 35.7233 199.824 -77.4053
F2_KNU1_A 2.3431 184.535 -63.2515
F2_KNU1_B 2.65705 169.126 -24.6567
F2_KNU2_A 1.4822 191.641 -88.0042
F2_KNU3_A 0.534424 195.029 -105.023
TH_KNU1_A -57.3817 137.976 16.9759
TH_KNU1_B -19.0011 128.455 41.3083
TH_KNU2_A -80.2803 143.407 -4.28262
TH_KNU3_A -97.7462 147.696 -16.5474
PALM_POSITION -11.0073 157.461 -7.28342
PALM_NORMAL -0.0642744 -0.902721 -0.425399
