F4_KNU1_A -57.1973 184.887 -53.3091
F4_KNU1_B -42.6479 164.796 -21.9791
F4_KNU2_A -65.7743 194.719 -71.6175
F4_KNU3_A -72.0534 200.722 -84.925
F3_KNU1_A -31.6968 191.53 -62.4374
F3_KNU1_B -22.8387 164.771 -27.5729
F3_KNU2_A -37.4473 206.284 -83.6234
F3_KNU3_A -41.5555 215.391 -97.9659
F1_KNU1_A 25.0123 159.96 -58.8495
F1_KNU1_B 16.1422 152.612 -28.0434
F1_KNU2_A 28.8904 162.292 -76.4702
F1_KNU3_A 31.5097 163.041 -92.2697
F2_KNU1_A -3.29989 184.086 -62.5982
F2_KNU1_B -2.04316 160.731 -28.2464
F2_KNU2_A -4.64896 197.477 -84.5708
F2_KNU3_A -5.90561 205.818 -99.7654
TH_KNU1_A -60.5219 135.715 19.1104
TH_KNU1_B -21.4342 129.802 43.4614
TH_KNU2_A -83.3673 137.3 -2.82907
TH_KNU3_A -101.275 139.773 -14.957
PALM_POSITION -15.1318 152.496 -8.61225
PALM_NORMAL -0.190917 -0.930418 -0.312846
