F4_KNU1_A -55.7562 183.024 -52.6241
F4_KNU1_B -41.7077 161.078 -22.327
F4_KNU2_A -64.2541 193.585 -70.5594
F4_KNU3_A -70.601 199.838 -83.7191
F3_KNU1_A -29.7475 188.072 -62.2491
F3_KNU1_B -21.8385 160.634 -27.6858
F3_KNU2_A -35.0946 203.025 -83.4012
F3_KNU3_A -39.0392 212.107 -97.8052
F1_KNU1_A 22.251 144.061 -58.7721
F1_KNU1_B 17.1969 148.691 -26.6051
F1_KNU2_A 21.9091 136.887 -75.4871
F1_KNU3_A 19.5069 127.864 -88.5198
F2_KNU1_A -1.46877 179.291 -62.611
F2_KNU1_B -1.01978 156.658 -27.7592
F2_KNU2_A -2.45016 191.966 -85.0234
F2_KNU3_A -3.549 199.631 -100.582
TH_KNU1_A -59.9764 137.206 21.443
TH_KNU1_B -21.0616 132.482 46.325
TH_KNU2_A -81.8042 136.924 -1.56206
TH_KNU3_A -100.226 139.299 -12.9142
PALM_POSITION -14.2871 150.23 -7.57792
PALM_NORMAL -0.183495 -0.956636 -0.226224
