F4_KNU1_A -55.8091 182.751 -52.7247
F4_KNU1_B -41.6119 160.62 -22.6317
F4_KNU2_A -64.3838 193.372 -70.5879
F4_KNU3_A -70.7791 199.63 -83.7217
F3_KNU1_A -29.6411 187.809 -62.3705
F3_KNU1_B -21.6697 160.487 -27.7296
F3_KNU2_A -35.0231 202.634 -83.6036
F3_KNU3_A -38.9891 211.592 -98.0796
F1_KNU1_A 21.5243 141.536 -57.8081
F1_KNU1_B 17.5454 149.217 -26.0771
F1_KNU2_A 20.0219 132.067 -73.2699
F1_KNU3_A 16.3892 121.04 -84.3268
F2_KNU1_A -1.34446 179.184 -62.5637
F2_KNU1_B -0.787278 156.866 -27.511
F2_KNU2_A -2.50186 191.347 -85.2498
F2_KNU3_A -3.78463 198.457 -101.056
TH_KNU1_A -60.2733 138.016 21.6287
TH_KNU1_B -21.3826 132.741 46.4376
TH_KNU2_A -82.1841 138.23 -1.29803
TH_KNU3_A -100.806 141.053 -12.2125
PALM_POSITION -14.2063 150.319 -7.46888
PALM_NORMAL -0.164257 -0.960796 -0.223362
