F4_KNU1_A -56.0348 182.394 -52.8661
F4_KNU1_B -41.6943 160.343 -22.783
F4_KNU2_A -64.6739 192.94 -70.7427
F4_KNU3_A -71.1025 199.124 -83.8956
F3_KNU1_A -29.8007 187.486 -62.5751
F3_KNU1_B -21.717 160.443 -27.7422
F3_KNU2_A -35.2819 202.016 -83.986
F3_KNU3_A -39.3304 210.694 -98.609
F1_KNU1_A 21.2127 140.759 -57.299
F1_KNU1_B 17.6114 149.617 -25.8306
F1_KNU2_A 19.4038 130.558 -72.2539
F1_KNU3_A 15.503 118.978 -82.6328
F2_KNU1_A -1.58835 178.865 -62.7521
F2_KNU1_B -0.796742 157.059 -27.3828
F2_KNU2_A -2.982 190.419 -85.7409
F2_KNU3_A -4.47533 196.932 -101.784
TH_KNU1_A -60.6449 138.22 21.8555
TH_KNU1_B -21.6289 132.606 46.3918
TH_KNU2_A -82.452 138.604 -1.1677
TH_KNU3_A -101.179 141.622 -11.8485
PALM_POSITION -14.2791 150.334 -7.44233
PALM_NORMAL -0.151762 -0.962314 -0.225653
