F4_KNU1_A -56.6405 182.109 -53.7654
F4_KNU1_B -42.0408 160.21 -23.6958
F4_KNU2_A -65.3559 192.506 -71.6922
F4_KNU3_A -71.7897 198.541 -84.9114
F3_KNU1_A -30.3728 187.968 -63.0791
F3_KNU1_B -21.9775 161.058 -28.2172
F3_KNU2_A -36.0196 202.274 -84.598
F3_KNU3_A -40.162 210.708 -99.3365
F1_KNU1_A 21.972 142.572 -56.9284
F1_KNU1_B 17.6502 151.555 -25.5865
F1_KNU2_A 20.6422 132.169 -71.7943
F1_KNU3_A 17.1951 120.374 -82.0917
F2_KNU1_A -1.67678 179.834 -63.0335
F2_KNU1_B -0.965697 158.385 -27.4451
F2_KNU2_A -3.01534 190.875 -86.2766
F2_KNU3_A -4.46373 196.855 -102.53
TH_KNU1_A -61.5768 137.986 21.1113
TH_KNU1_B -22.5132 132.253 45.5439
TH_KNU2_A -83.1035 138.592 -2.16961
TH_KNU3_A -101.884 141.653 -12.7437
PALM_POSITION -14.631 150.938 -7.8894
PALM_NORMAL -0.113722 -0.963832 -0.241029
