F4_KNU1_A -57.5589 179.207 -55.175
F4_KNU1_B -43.125 160.409 -23.0005
F4_KNU2_A -65.8546 187.758 -74.2407
F4_KNU3_A -71.7792 192.493 -88.2063
F3_KNU1_A -32.1593 186.314 -65.3648
F3_KNU1_B -23.3459 163.301 -27.912
F3_KNU2_A -37.819 198.068 -88.3739
F3_KNU3_A -41.8109 204.719 -104.038
F1_KNU1_A 20.1477 174.803 -54.5913
F1_KNU1_B 16.9556 156.745 -27.289
F1_KNU2_A 21.3966 183.728 -70.3948
F1_KNU3_A 22.085 190.718 -84.8069
F2_KNU1_A -5.32054 183.068 -63.7751
F2_KNU1_B -2.17763 162.235 -27.9531
F2_KNU2_A -7.91463 193.816 -87.0491
F2_KNU3_A -10.0368 199.71 -103.26
TH_KNU1_A -59.5483 133.221 20.1997
TH_KNU1_B -19.235 127.142 42.4185
TH_KNU2_A -81.6957 135.082 -2.42315
TH_KNU3_A -100.482 137.874 -13.0606
PALM_POSITION -14.5788 151.766 -8.94661
PALM_NORMAL -0.0479903 -0.940044 -0.33766
