F4_KNU1_A -57.0815 176.581 -55.563
F4_KNU1_B -42.5715 159.73 -22.3608
F4_KNU2_A -65.2868 184.041 -75.1197
F4_KNU3_A -71.0676 188.036 -89.3738
F3_KNU1_A -32.0468 186.383 -64.393
F3_KNU1_B -22.8587 163.403 -27.0101
F3_KNU2_A -37.8011 198.346 -87.2706
F3_KNU3_A -41.7851 205.28 -102.813
F1_KNU1_A 19.4757 178.488 -51.9244
F1_KNU1_B 17.6448 158.296 -26.0275
F1_KNU2_A 20.2171 189.093 -66.687
F1_KNU3_A 20.6531 197.977 -80.0262
F2_KNU1_A -6.03594 185.146 -61.787
F2_KNU1_B -1.66649 163.101 -26.8292
F2_KNU2_A -9.08074 197.596 -84.1399
F2_KNU3_A -11.3309 205.239 -99.5848
TH_KNU1_A -58.388 132.81 20.5104
TH_KNU1_B -18.1922 126.415 42.8528
TH_KNU2_A -80.8749 135.394 -1.7029
TH_KNU3_A -99.4565 138.285 -12.6683
PALM_POSITION -13.8826 151.922 -8.1099
PALM_NORMAL -0.0103133 -0.936242 -0.351204
