F4_KNU1_A -56.7718 172.411 -56.4408
F4_KNU1_B -42.2276 157.212 -22.4651
F4_KNU2_A -64.8066 178.701 -76.4737
F4_KNU3_A -70.3425 181.729 -91.0594
F3_KNU1_A -32.6566 186.663 -62.7682
F3_KNU1_B -22.6737 162.153 -26.5791
F3_KNU2_A -38.7084 200.096 -84.735
F3_KNU3_A -42.7975 208.342 -99.5943
F1_KNU1_A 19.88 182.782 -47.8105
F1_KNU1_B 18.0331 159.7 -24.4548
F1_KNU2_A 20.7736 195.254 -61.0247
F1_KNU3_A 21.4553 205.996 -72.9069
F2_KNU1_A -6.73868 188.413 -58.4578
F2_KNU1_B -1.52018 163.234 -25.8094
F2_KNU2_A -10.1572 203.25 -79.2447
F2_KNU3_A -12.5732 212.766 -93.5845
TH_KNU1_A -57.7297 132.623 21.2939
TH_KNU1_B -17.5613 125.676 43.5209
TH_KNU2_A -80.3912 136.076 -0.62178
TH_KNU3_A -98.7158 139.185 -11.9538
PALM_POSITION -13.5004 151.317 -7.39547
PALM_NORMAL 0.0604701 -0.935566 -0.347937
