F4_KNU1_A -53.6235 166.017 -58.6649
F4_KNU1_B -40.2722 154.582 -22.778
F4_KNU2_A -60.6622 168.652 -79.8535
F4_KNU3_A -65.241 168.229 -95.0657
F3_KNU1_A -30.2696 186.039 -61.0457
F3_KNU1_B -20.5929 159.567 -26.1805
F3_KNU2_A -36.2207 200.171 -82.5974
F3_KNU3_A -40.2845 208.57 -97.3782
F1_KNU1_A 30.3414 179.27 -44.6871
F1_KNU1_B 20.0182 157.141 -22.6542
F1_KNU2_A 35.988 191.165 -57.2402
F1_KNU3_A 40.9076 201.352 -68.6009
F2_KNU1_A -3.11705 187.673 -56.0435
F2_KNU1_B 0.519733 160.664 -24.6686
F2_KNU2_A -5.60008 203.396 -76.3058
F2_KNU3_A -7.41423 213.332 -90.4483
TH_KNU1_A -57.4348 129.883 20.6184
TH_KNU1_B -17.8802 122.694 43.8464
TH_KNU2_A -79.6107 133.585 -1.74872
TH_KNU3_A -97.8484 136.875 -13.1697
PALM_POSITION -12.08 148.63 -6.75106
PALM_NORMAL 0.0736664 -0.933498 -0.350935
