F4_KNU1_A -51.8771 180.435 -53.2774
F4_KNU1_B -39.2316 158.754 -22.1822
F4_KNU2_A -59.6808 190.652 -71.7209
F4_KNU3_A -65.5908 196.531 -85.2508
F3_KNU1_A -26.0101 187.238 -60.2645
F3_KNU1_B -19.3351 157.568 -27.3224
F3_KNU2_A -30.3123 204.199 -80.0988
F3_KNU3_A -33.3822 215.058 -93.4474
F1_KNU1_A 28.4138 142.972 -57.3168
F1_KNU1_B 19.2307 144.233 -25.7609
F1_KNU2_A 30.0089 137.274 -74.5201
F1_KNU3_A 28.817 129.1 -88.2611
F2_KNU1_A 5.07924 173.654 -62.928
F2_KNU1_B 1.32645 152.845 -27.1506
F2_KNU2_A 6.53901 184.799 -86.114
F2_KNU3_A 6.97732 191.173 -102.276
TH_KNU1_A -58.4192 135.884 20.9308
TH_KNU1_B -20.365 129.785 46.8245
TH_KNU2_A -79.0604 135.946 -3.14607
TH_KNU3_A -96.3706 138.331 -16.1287
PALM_POSITION -12.3791 147.002 -7.08469
PALM_NORMAL -0.215424 -0.950556 -0.223687
