F4_KNU1_A -51.7489 183.867 -51.7321
F4_KNU1_B -38.6581 160.255 -22.2702
F4_KNU2_A -59.7975 195.526 -69.1883
F4_KNU3_A -65.8946 202.65 -82.0188
F3_KNU1_A -24.0115 188.33 -60.1052
F3_KNU1_B -18.6659 158.675 -26.9085
F3_KNU2_A -27.5633 205.237 -80.1331
F3_KNU3_A -30.1586 216.031 -93.6347
F1_KNU1_A 27.6105 138.866 -55.7338
F1_KNU1_B 19.5842 144.603 -24.3594
F1_KNU2_A 27.5256 130.151 -71.7032
F1_KNU3_A 24.3639 119.525 -83.2844
F2_KNU1_A 5.71234 168.983 -64.6103
F2_KNU1_B 1.88984 153.555 -26.2114
F2_KNU2_A 6.43328 175.01 -89.652
F2_KNU3_A 5.9227 176.872 -106.923
TH_KNU1_A -59.3075 137.275 20.1818
TH_KNU1_B -22.0858 131.077 47.2357
TH_KNU2_A -79.9651 137.774 -3.87599
TH_KNU3_A -97.5837 140.836 -16.2892
PALM_POSITION -12.4234 148.02 -6.48532
PALM_NORMAL -0.22807 -0.946712 -0.22742
