F4_KNU1_A -50.3375 188.061 -49.1354
F4_KNU1_B -37.361 162.354 -21.4284
F4_KNU2_A -58.2795 201.199 -65.5598
F4_KNU3_A -64.2876 209.565 -77.6621
F3_KNU1_A -20.5597 190.459 -58.4845
F3_KNU1_B -17.2191 160.539 -25.2633
F3_KNU2_A -23.058 207.307 -78.7206
F3_KNU3_A -25.0369 217.917 -92.4696
F1_KNU1_A 26.2652 135.28 -52.049
F1_KNU1_B 20.6718 145.811 -21.3975
F1_KNU2_A 24.0865 124.168 -66.2877
F1_KNU3_A 19.008 112.144 -75.5977
F2_KNU1_A 6.79359 165.454 -63.8941
F2_KNU1_B 3.209 155.078 -23.8118
F2_KNU2_A 6.67479 166.822 -89.6243
F2_KNU3_A 5.2576 164.811 -106.828
TH_KNU1_A -60.0124 138.164 19.3769
TH_KNU1_B -24.1515 131.651 48.1409
TH_KNU2_A -80.6575 139.68 -4.64909
TH_KNU3_A -98.2569 143.435 -16.8979
PALM_POSITION -11.9979 149.415 -4.80384
PALM_NORMAL -0.232819 -0.938624 -0.254521
