F4_KNU1_A -39.0628 193.949 -49.1065
F4_KNU1_B -30.6801 165.474 -22.3517
F4_KNU2_A -44.2791 209.214 -64.7654
F4_KNU3_A -48.2927 219.477 -76.216
F3_KNU1_A -11.4052 189.681 -59.7202
F3_KNU1_B -10.6556 161.447 -24.9017
F3_KNU2_A -12.9006 204.895 -81.3047
F3_KNU3_A -14.5311 214.007 -96.1318
F1_KNU1_A 24.8015 126.615 -47.3347
F1_KNU1_B 25.0788 142.699 -18.6478
F1_KNU2_A 19.4295 114.344 -59.6443
F1_KNU3_A 12.0509 102.474 -67.5005
F2_KNU1_A 12.3549 158.998 -63.2488
F2_KNU1_B 8.92077 153.8 -22.16
F2_KNU2_A 11.1235 156.557 -88.8701
F2_KNU3_A 8.49025 151.884 -105.4
TH_KNU1_A -58.5983 142.571 16.6822
TH_KNU1_B -25.3244 133.956 47.8978
TH_KNU2_A -79.0252 146.363 -7.27879
TH_KNU3_A -96.0685 151.91 -19.6333
PALM_POSITION -7.9836 149.951 -4.15869
PALM_NORMAL -0.317463 -0.90922 -0.269328
