F4_KNU1_A -32.5467 190.465 -51.8657
F4_KNU1_B -27.3743 163.778 -22.5758
F4_KNU2_A -36.1215 204.482 -69.0763
F4_KNU3_A -39.0835 213.687 -81.6877
F3_KNU1_A -10.7705 175.731 -65.3522
F3_KNU1_B -7.56733 158.396 -24.1305
F3_KNU2_A -15.2917 181.732 -90.7126
F3_KNU3_A -19.6992 183.155 -107.567
F1_KNU1_A 22.9616 118.486 -41.4713
F1_KNU1_B 26.7338 138.065 -15.3159
F1_KNU2_A 15.6244 105.353 -51.7023
F1_KNU3_A 6.74478 93.4059 -57.6568
F2_KNU1_A 12.5274 147.008 -61.6176
F2_KNU1_B 11.4067 149.821 -20.1695
F2_KNU2_A 8.69251 138.724 -85.7131
F2_KNU3_A 3.91 130.092 -100.018
TH_KNU1_A -57.0814 145.599 16.2973
TH_KNU1_B -26.1328 137.193 49.873
TH_KNU2_A -76.445 149.441 -8.52309
TH_KNU3_A -92.2785 154.966 -22.4031
PALM_POSITION -6.24785 148.301 -2.54483
PALM_NORMAL -0.364506 -0.905978 -0.215264
