F4_KNU1_A -49.1313 195.598 -31.7393
F4_KNU1_B -41.3894 176.664 6.04088
F4_KNU2_A -53.7114 204.516 -53.7324
F4_KNU3_A -57.0579 209.848 -69.6159
F3_KNU1_A -26.1977 188.758 -44.0268
F3_KNU1_B -19.5863 177.135 2.28155
F3_KNU2_A -31.2552 191.518 -71.8734
F3_KNU3_A -35.1029 191.358 -90.2666
F1_KNU1_A 20.9547 178.602 -30.3113
F1_KNU1_B 21.5913 161.971 0.886356
F1_KNU2_A 17.9908 183.715 -48.9557
F1_KNU3_A 13.7256 185.248 -65.586
F2_KNU1_A -13.2527 148.381 -32.6787
F2_KNU1_B 2.53258 171.663 2.03503
F2_KNU2_A -23.3017 123.279 -38.7066
F2_KNU3_A -28.946 105.605 -36.5032
TH_KNU1_A -57.6583 141.397 29.9822
TH_KNU1_B -27.7703 115.519 60.4587
TH_KNU2_A -74.5356 158.221 5.59698
TH_KNU3_A -84.6889 169.341 -12.3185
PALM_POSITION -14.0633 157.145 17.3902
PALM_NORMAL -0.192295 -0.748721 -0.634381
