F4_KNU1_A -31.7916 188.893 -50.9045
F4_KNU1_B -27.1712 162.817 -20.9777
F4_KNU2_A -35.4019 201.923 -68.8659
F4_KNU3_A -38.6042 209.959 -82.1973
F3_KNU1_A -13.6608 166.472 -65.9318
F3_KNU1_B -7.33776 157.513 -22.4603
F3_KNU2_A -20.524 165.948 -91.4704
F3_KNU3_A -26.5423 162.479 -107.51
F1_KNU1_A 23.4276 117.742 -39.6851
F1_KNU1_B 27.0144 137.329 -13.5094
F1_KNU2_A 16.205 104.584 -49.9645
F1_KNU3_A 7.42085 92.5974 -55.9823
F2_KNU1_A 12.6236 145.813 -59.8501
F2_KNU1_B 11.6569 149.018 -18.4267
F2_KNU2_A 8.24537 136.611 -83.5161
F2_KNU3_A 2.93804 127.152 -97.0949
TH_KNU1_A -56.1022 144.95 17.1644
TH_KNU1_B -26.0673 136.312 51.5023
TH_KNU2_A -74.7853 148.938 -8.14971
TH_KNU3_A -90.0952 154.4 -22.629
PALM_POSITION -6.05061 147.445 -0.859882
PALM_NORMAL -0.360157 -0.907648 -0.215549
