F4_KNU1_A -31.618 188.81 -51.2457
F4_KNU1_B -27.3474 162.951 -21.08
F4_KNU2_A -35.2281 201.088 -69.7294
F4_KNU3_A -38.5397 208.124 -83.589
F3_KNU1_A -14.0173 163.702 -66.576
F3_KNU1_B -7.35 158.305 -22.5709
F3_KNU2_A -21.1385 160.211 -91.809
F3_KNU3_A -27.2537 154.53 -107.167
F1_KNU1_A 31.3727 124.916 -43.428
F1_KNU1_B 27.561 138.961 -13.9339
F1_KNU2_A 28.2941 113.539 -57.2859
F1_KNU3_A 22.6064 102.109 -66.9846
F2_KNU1_A 12.119 147.415 -60.0966
F2_KNU1_B 11.876 150.297 -18.639
F2_KNU2_A 7.50555 138.174 -83.703
F2_KNU3_A 2.19089 128.61 -97.2048
TH_KNU1_A -55.5373 143.545 16.1264
TH_KNU1_B -25.8454 134.543 50.6684
TH_KNU2_A -74.2087 148.165 -9.08861
TH_KNU3_A -89.5239 153.828 -23.4849
PALM_POSITION -5.8771 147.702 -1.24024
PALM_NORMAL -0.330427 -0.912213 -0.242251
