F4_KNU1_A -32.5569 166.827 -64.365
F4_KNU1_B -28.1015 155.24 -26.3808
F4_KNU2_A -35.1141 169.125 -86.5825
F4_KNU3_A -36.9017 168.258 -102.35
F3_KNU1_A -8.25903 178.715 -66.2842
F3_KNU1_B -7.58518 156.658 -27.258
F3_KNU2_A -9.5597 187.591 -91.1661
F3_KNU3_A -10.9218 190.909 -108.274
F1_KNU1_A 36.5404 163.618 -46.8221
F1_KNU1_B 31.216 147.037 -18.9221
F1_KNU2_A 38.0705 169.795 -63.8652
F1_KNU3_A 38.2967 172.779 -79.6162
F2_KNU1_A 15.7299 175.835 -58.4278
F2_KNU1_B 13.0414 153.978 -23.1836
F2_KNU2_A 16.2623 185.556 -82.2847
F2_KNU3_A 15.9347 189.659 -99.1689
TH_KNU1_A -53.3702 132.673 12.0305
TH_KNU1_B -20.0531 119.646 41.629
TH_KNU2_A -72.2209 140.063 -12.3785
TH_KNU3_A -87.1952 145.921 -27.0525
PALM_POSITION -3.58983 144.313 -7.22675
PALM_NORMAL -0.0491688 -0.930489 -0.363006
