F4_KNU1_A -27.7992 142.296 -66.3475
F4_KNU1_B -28.226 148.45 -26.8653
F4_KNU2_A -26.7651 133.596 -87.0519
F4_KNU3_A -25.6564 125.003 -100.375
F3_KNU1_A -12.6035 177.859 -64.652
F3_KNU1_B -8.17068 153.028 -27.5873
F3_KNU2_A -15.4687 189.377 -88.2895
F3_KNU3_A -17.4824 194.972 -104.726
F1_KNU1_A 35.6799 172.273 -42.1916
F1_KNU1_B 31.4733 150.144 -18.2271
F1_KNU2_A 37.5733 183.087 -56.6983
F1_KNU3_A 38.8703 191.353 -70.3748
F2_KNU1_A 11.3134 180.025 -55.3928
F2_KNU1_B 12.5302 153.874 -23.1162
F2_KNU2_A 10.2339 194.24 -76.8566
F2_KNU3_A 9.30781 202.491 -92.1235
TH_KNU1_A -49.8147 127.82 12.6675
TH_KNU1_B -16.1432 118.602 43.2786
TH_KNU2_A -68.3142 132.998 -12.566
TH_KNU3_A -83.3888 137.144 -27.7132
PALM_POSITION -2.71619 142.659 -6.79509
PALM_NORMAL 0.104803 -0.946206 -0.306121
