F4_KNU1_A -25.5028 133.37 -64.5348
F4_KNU1_B -27.3421 145.748 -26.5836
F4_KNU2_A -23.6077 121.786 -83.7091
F4_KNU3_A -21.8874 111.583 -95.7716
F3_KNU1_A -10.8906 169.822 -67.5423
F3_KNU1_B -7.42053 150.908 -27.0427
F3_KNU2_A -12.9955 177.502 -92.765
F3_KNU3_A -14.3972 180.444 -109.938
F1_KNU1_A 36.0876 172.789 -39.6714
F1_KNU1_B 32.0099 149.832 -16.4759
F1_KNU2_A 38.2473 185.114 -52.8769
F1_KNU3_A 40.0692 195.657 -64.818
F2_KNU1_A 11.9962 178.144 -54.8959
F2_KNU1_B 13.1102 152.668 -22.0806
F2_KNU2_A 11.1826 192.889 -76.0113
F2_KNU3_A 10.5571 202.144 -90.7075
TH_KNU1_A -49.2663 126.787 13.3592
TH_KNU1_B -16.3694 120.462 45.5085
TH_KNU2_A -67.325 129.943 -12.5191
TH_KNU3_A -82.0505 132.721 -28.3091
PALM_POSITION -2.25112 141.953 -5.53265
PALM_NORMAL 0.141774 -0.958745 -0.246389
