F4_KNU1_A -24.7519 131.065 -63.5573
F4_KNU1_B -27.1488 145.066 -26.2056
F4_KNU2_A -22.5166 118.885 -82.3213
F4_KNU3_A -20.5497 108.425 -94.1221
F3_KNU1_A -10.0681 166.46 -68.2963
F3_KNU1_B -7.31604 150.569 -26.464
F3_KNU2_A -11.6385 171.865 -94.1404
F3_KNU3_A -12.6247 173.065 -111.551
F1_KNU1_A 35.9249 173.097 -38.7532
F1_KNU1_B 31.9706 150.356 -15.3242
F1_KNU2_A 38.0377 185.341 -52.0416
F1_KNU3_A 39.8364 195.845 -64.0196
F2_KNU1_A 12.1374 177.548 -54.5903
F2_KNU1_B 13.107 152.77 -21.2401
F2_KNU2_A 11.4464 191.854 -76.0094
F2_KNU3_A 10.9244 200.812 -90.8926
TH_KNU1_A -49.0997 125.769 13.4206
TH_KNU1_B -16.7775 121.1 46.4246
TH_KNU2_A -67.001 127.882 -12.6724
TH_KNU3_A -81.9222 130.009 -28.3793
PALM_POSITION -2.30187 142.043 -4.74429
PALM_NORMAL 0.162062 -0.959794 -0.229197
