F4_KNU1_A -51.8675 197.059 -32.3598
F4_KNU1_B -44.0506 179.496 6.06177
F4_KNU2_A -56.4932 205.449 -54.5505
F4_KNU3_A -59.8758 210.56 -70.4988
F3_KNU1_A -29.5982 190.271 -44.9671
F3_KNU1_B -22.3944 179.743 1.51458
F3_KNU2_A -34.9547 192.888 -72.7716
F3_KNU3_A -38.9802 192.897 -91.1273
F1_KNU1_A 18.131 179.565 -33.2542
F1_KNU1_B 18.5323 164.132 -1.4433
F1_KNU2_A 14.9863 183.79 -52.0904
F1_KNU3_A 10.3836 184.418 -68.6895
F2_KNU1_A -17.6831 151.007 -33.7103
F2_KNU1_B -0.361972 174.028 0.440126
F2_KNU2_A -28.205 126.016 -39.3801
F2_KNU3_A -33.9366 108.395 -36.9802
TH_KNU1_A -59.8535 143.588 29.8185
TH_KNU1_B -29.1538 117.943 59.678
TH_KNU2_A -77.0447 160.105 5.4425
TH_KNU3_A -87.3204 170.947 -12.5737
PALM_POSITION -16.5518 159.621 16.3241
PALM_NORMAL -0.223598 -0.743478 -0.630274
