F4_KNU1_A -23.2649 133.092 -64.3217
F4_KNU1_B -25.8131 145.013 -26.265
F4_KNU2_A -21.0034 123.011 -84.2889
F4_KNU3_A -19.0246 114.345 -97.4626
F3_KNU1_A -9.26385 170.598 -66.627
F3_KNU1_B -6.20537 151.276 -26.2867
F3_KNU2_A -10.8974 178.662 -91.7647
F3_KNU3_A -11.8593 181.94 -108.907
F1_KNU1_A 38.6202 175.385 -37.6886
F1_KNU1_B 32.9992 152.337 -14.909
F1_KNU2_A 41.6989 187.859 -50.5677
F1_KNU3_A 44.3855 198.619 -62.1466
F2_KNU1_A 12.7897 179.194 -54.0303
F2_KNU1_B 14.0893 154.149 -20.8914
F2_KNU2_A 11.9467 193.655 -75.3394
F2_KNU3_A 11.3559 202.712 -90.16
TH_KNU1_A -45.9026 121.02 11.3525
TH_KNU1_B -14.9233 119.958 45.9205
TH_KNU2_A -63.7116 121.052 -14.8888
TH_KNU3_A -78.8023 121.675 -30.5654
PALM_POSITION -0.98534 142.499 -4.71593
PALM_NORMAL 0.200077 -0.947911 -0.247861
