F4_KNU1_A -27.9305 147.366 -66.5586
F4_KNU1_B -24.6324 144.879 -26.8115
F4_KNU2_A -29.0482 146.412 -88.9925
F4_KNU3_A -29.4263 144.449 -104.758
F3_KNU1_A -9.27963 174.763 -65.5857
F3_KNU1_B -5.4393 152.315 -26.9675
F3_KNU2_A -11.2677 185.54 -89.6585
F3_KNU3_A -12.4046 191.134 -106.179
F1_KNU1_A 43.4552 177.666 -38.5599
F1_KNU1_B 33.997 154.979 -16.7078
F1_KNU2_A 48.7105 189.77 -51.0839
F1_KNU3_A 53.3563 200.056 -62.4704
F2_KNU1_A 14.0445 180.431 -55.6248
F2_KNU1_B 14.8218 156.042 -21.9843
F2_KNU2_A 13.6352 194.102 -77.4618
F2_KNU3_A 13.4049 202.392 -92.7342
TH_KNU1_A -39.9099 112.409 7.81035
TH_KNU1_B -9.85343 115.6 43.0555
TH_KNU2_A -56.1396 109.824 -19.313
TH_KNU3_A -70.6255 108.372 -35.4972
PALM_POSITION 1.01433 142.401 -6.23957
PALM_NORMAL 0.247035 -0.914483 -0.32046
