F4_KNU1_A -31.6731 143.853 -69.3692
F4_KNU1_B -25.9731 140.706 -29.942
F4_KNU2_A -33.7037 143.124 -91.7474
F4_KNU3_A -34.4513 141.187 -107.503
F3_KNU1_A -14.3713 170.982 -70.0815
F3_KNU1_B -8.03933 150.791 -30.5564
F3_KNU2_A -17.628 181.069 -94.3147
F3_KNU3_A -19.4828 186.609 -110.789
F1_KNU1_A 36.3515 181.592 -44.2866
F1_KNU1_B 30.4691 159.791 -20.3745
F1_KNU2_A 39.7136 193.034 -58.025
F1_KNU3_A 42.7602 202.592 -70.5314
F2_KNU1_A 8.62016 180.287 -60.5662
F2_KNU1_B 11.412 157.723 -25.7789
F2_KNU2_A 7.12404 193.173 -82.8292
F2_KNU3_A 6.26296 201.159 -98.2403
TH_KNU1_A -36.8037 108.527 6.83196
TH_KNU1_B -8.10849 118.768 41.8677
TH_KNU2_A -51.8482 101.543 -20.1986
TH_KNU3_A -65.7355 96.7526 -36.2633
PALM_POSITION -0.516203 143.367 -9.15831
PALM_NORMAL 0.379487 -0.889572 -0.254266
