F4_KNU1_A -19.5887 138.467 -76.8007
F4_KNU1_B -12.0006 130.621 -38.3592
F4_KNU2_A -23.124 140.734 -98.8868
F4_KNU3_A -25.1319 140.952 -114.65
F3_KNU1_A 2.54792 153.466 -81.855
F3_KNU1_B 6.64545 139.261 -39.5294
F3_KNU2_A 0.361669 160.584 -107.235
F3_KNU3_A -0.938061 164.504 -124.219
F1_KNU1_A 51.0672 161.642 -57.374
F1_KNU1_B 44.7819 148.231 -28.0084
F1_KNU2_A 54.635 167.52 -74.217
F1_KNU3_A 57.8301 171.418 -89.4367
F2_KNU1_A 26.8087 161.392 -73.2148
F2_KNU1_B 26.1216 146.022 -34.6093
F2_KNU2_A 27.3991 169.879 -97.5369
F2_KNU3_A 27.8998 174.937 -114.156
TH_KNU1_A -32.3755 113.496 5.06941
TH_KNU1_B -1.73619 125.172 37.9431
TH_KNU2_A -45.789 103.818 -21.9896
TH_KNU3_A -58.9235 97.9973 -38.3444
PALM_POSITION 11.822 136.654 -16.3777
PALM_NORMAL 0.329369 -0.94418 -0.00640597
