F4_KNU1_A -24.1947 143.958 -74.6331
F4_KNU1_B -17.7563 134.532 -36.337
F4_KNU2_A -27.4895 146.814 -96.6882
F4_KNU3_A -29.5831 147.241 -112.436
F3_KNU1_A 0.862454 154.234 -79.8694
F3_KNU1_B 2.18975 139.468 -37.5583
F3_KNU2_A 0.0617013 161.096 -105.401
F3_KNU3_A -0.475811 164.472 -122.543
F1_KNU1_A 50.0469 152.305 -55.759
F1_KNU1_B 41.3448 141.117 -26.0805
F1_KNU2_A 54.5361 156.191 -72.9552
F1_KNU3_A 58.1691 157.712 -88.4966
F2_KNU1_A 26.5186 157.235 -71.3145
F2_KNU1_B 22.599 142.444 -32.6758
F2_KNU2_A 28.8829 164.332 -95.9717
F2_KNU3_A 30.4259 167.783 -112.934
TH_KNU1_A -41.8538 124.522 7.71565
TH_KNU1_B -8.65074 127.774 40.0076
TH_KNU2_A -57.0823 118.925 -19.534
TH_KNU3_A -71.5982 116.853 -35.6234
PALM_POSITION 6.7962 136.089 -14.386
PALM_NORMAL 0.144174 -0.989552 0.000478487
