F4_KNU1_A -33.7872 170.969 -71.2834
F4_KNU1_B -29.2172 156.525 -34.3054
F4_KNU2_A -37.5675 174.017 -93.2347
F4_KNU3_A -40.8916 172.768 -108.725
F3_KNU1_A -4.61476 171.25 -77.127
F3_KNU1_B -8.80042 154.377 -35.8016
F3_KNU2_A -4.25711 175.588 -103.216
F3_KNU3_A -5.33909 174.835 -120.646
F1_KNU1_A 40.0877 150.279 -54.8851
F1_KNU1_B 28.6412 142.011 -25.1813
F1_KNU2_A 43.8716 150.398 -72.6793
F1_KNU3_A 44.9221 146.931 -88.2973
F2_KNU1_A 19.9611 163.252 -69.7274
F2_KNU1_B 11.4325 149.965 -31.2849
F2_KNU2_A 22.8381 165.666 -95.2191
F2_KNU3_A 23.1614 163.563 -112.467
TH_KNU1_A -55.1632 155.397 10.8252
TH_KNU1_B -22.312 143.742 41.497
TH_KNU2_A -72.5967 158.452 -15.4903
TH_KNU3_A -87.0153 162.869 -31.1896
PALM_POSITION -5.42946 148.62 -12.8868
PALM_NORMAL -0.204272 -0.978084 -0.0403117
