F4_KNU1_A -35.3108 178.538 -69.746
F4_KNU1_B -30.427 163.313 -33.1229
F4_KNU2_A -39.4638 181.897 -91.5842
F4_KNU3_A -43.1536 180.773 -107.001
F3_KNU1_A -5.56639 177.767 -76.018
F3_KNU1_B -10.0844 160.668 -34.8204
F3_KNU2_A -5.29965 181.937 -102.136
F3_KNU3_A -6.61245 180.886 -119.534
F1_KNU1_A 38.5556 155.394 -54.4525
F1_KNU1_B 27.0919 147.089 -24.7657
F1_KNU2_A 42.1235 155.479 -72.2915
F1_KNU3_A 42.8083 151.949 -87.9158
F2_KNU1_A 18.5973 169.061 -68.9458
F2_KNU1_B 10.0562 155.627 -30.5571
F2_KNU2_A 21.2374 171.484 -94.4623
F2_KNU3_A 21.2579 169.342 -111.709
TH_KNU1_A -56.2284 161.443 12.1572
TH_KNU1_B -23.3389 148.612 42.3137
TH_KNU2_A -74.0962 165.512 -13.7263
TH_KNU3_A -88.5291 170.44 -29.2594
PALM_POSITION -6.70832 154.299 -12.069
PALM_NORMAL -0.230149 -0.971234 -0.0611255
