F4_KNU1_A -53.1545 193.836 -36.2588
F4_KNU1_B -45.7388 175.098 1.68438
F4_KNU2_A -57.3648 202.696 -58.3488
F4_KNU3_A -60.3499 208.03 -74.3036
F3_KNU1_A -31.6898 192.351 -47.0566
F3_KNU1_B -24.0573 177.974 -1.68786
F3_KNU2_A -36.8806 196.904 -74.6419
F3_KNU3_A -40.5979 197.982 -93.031
F1_KNU1_A 17.2992 179.02 -36.4393
F1_KNU1_B 18.4705 167.17 -3.14571
F1_KNU2_A 13.73 179.693 -55.658
F1_KNU3_A 8.93255 176.461 -71.8953
F2_KNU1_A -14.361 153.004 -38.6556
F2_KNU1_B -1.49278 174.801 -1.8378
F2_KNU2_A -21.7802 127.546 -46.6726
F2_KNU3_A -25.6338 109.291 -45.6791
TH_KNU1_A -59.8767 140.364 28.1272
TH_KNU1_B -26.5458 112.992 53.2594
TH_KNU2_A -77.4622 158.768 5.44352
TH_KNU3_A -87.667 171.094 -11.6344
PALM_POSITION -16.6873 157.914 12.5126
PALM_NORMAL -0.107332 -0.731477 -0.673366
