F4_KNU1_A -38.1525 188.706 -68.6998
F4_KNU1_B -33.0409 171.078 -33.203
F4_KNU2_A -42.5469 193.253 -90.2742
F4_KNU3_A -46.4538 192.807 -105.672
F3_KNU1_A -8.10753 187.872 -75.2358
F3_KNU1_B -12.7209 168.405 -35.1137
F3_KNU2_A -8.01894 193.098 -101.164
F3_KNU3_A -9.58366 192.475 -118.562
F1_KNU1_A 35.808 163.762 -55.2975
F1_KNU1_B 24.3614 153.876 -26.0925
F1_KNU2_A 39.1197 164.542 -73.169
F1_KNU3_A 39.3773 161.436 -88.896
F2_KNU1_A 15.7512 178.422 -68.8886
F2_KNU1_B 7.38525 162.927 -31.2454
F2_KNU2_A 18.0086 181.803 -94.3327
F2_KNU3_A 17.6098 180.065 -111.62
TH_KNU1_A -58.8172 166.086 11.8071
TH_KNU1_B -25.9851 151.083 41.0094
TH_KNU2_A -76.6976 171.994 -13.7104
TH_KNU3_A -90.9815 177.904 -29.0374
PALM_POSITION -9.36933 160.435 -12.8688
PALM_NORMAL -0.237614 -0.962819 -0.12853
