F4_KNU1_A -41.9666 214.846 -52.1977
F4_KNU1_B -34.4463 187.597 -23.9515
F4_KNU2_A -47.3901 222.434 -72.6534
F4_KNU3_A -51.4506 221.992 -88.0115
F3_KNU1_A -15.3918 220.012 -58.8682
F3_KNU1_B -14.1106 188.494 -27.0091
F3_KNU2_A -19.5817 228.142 -83.6867
F3_KNU3_A -23.909 225.966 -100.481
F1_KNU1_A 31.5963 197.194 -49.0044
F1_KNU1_B 24.995 177.195 -23.7425
F1_KNU2_A 30.8676 200.594 -66.8615
F1_KNU3_A 26.8985 196.786 -81.9211
F2_KNU1_A 9.26101 212.23 -56.6975
F2_KNU1_B 6.7269 184.941 -25.4564
F2_KNU2_A 6.71408 218.41 -81.5823
F2_KNU3_A 2.81111 215.018 -98.1739
TH_KNU1_A -55.2596 166.004 16.2198
TH_KNU1_B -20.316 146.894 40.0854
TH_KNU2_A -72.265 176.443 -8.42977
TH_KNU3_A -84.211 183.721 -25.1092
PALM_POSITION -8.40198 174.606 -8.45901
PALM_NORMAL -0.122138 -0.899579 -0.419332
