F4_KNU1_A -37.3979 197.104 -55.6036
F4_KNU1_B -29.6685 179.09 -20.7808
F4_KNU2_A -40.6139 184.583 -73.9971
F4_KNU3_A -40.2295 168.74 -75.1813
F3_KNU1_A -11.3872 195.722 -64.1128
F3_KNU1_B -9.18047 180.712 -21.9245
F3_KNU2_A -16.4138 176.15 -81.18
F3_KNU3_A -18.5655 159.498 -76.3228
F1_KNU1_A 33.2588 181.414 -45.3424
F1_KNU1_B 29.8208 171.388 -14.2082
F1_KNU2_A 27.5365 169.412 -57.7593
F1_KNU3_A 21.2031 154.93 -55.0765
F2_KNU1_A 13.3842 190.388 -57.8423
F2_KNU1_B 11.5245 178.193 -18.1568
F2_KNU2_A 7.85647 171.064 -73.9665
F2_KNU3_A 3.85233 154.947 -68.847
TH_KNU1_A -48.5119 161.659 14.9543
TH_KNU1_B -20.3508 142.954 46.78
TH_KNU2_A -57.9736 170.7 -13.9333
TH_KNU3_A -63.0726 176.305 -34.3406
PALM_POSITION -4.7939 168.224 -2.06495
PALM_NORMAL -0.045339 -0.92756 -0.370913
