F4_KNU1_A -35.4034 187.661 -61.118
F4_KNU1_B -26.9088 178.326 -23.2024
F4_KNU2_A -35.2553 166.661 -69.1447
F4_KNU3_A -32.1079 155.452 -58.3275
F3_KNU1_A -9.90944 192.202 -67.0176
F3_KNU1_B -6.4555 180.544 -23.8646
F3_KNU2_A -13.9696 167.683 -76.0693
F3_KNU3_A -14.0316 155.599 -63.4403
F1_KNU1_A 34.2679 179.107 -48.0457
F1_KNU1_B 32.6473 171.761 -16.0284
F1_KNU2_A 27.6091 163.508 -54.626
F1_KNU3_A 23.4157 152.139 -44.1281
F2_KNU1_A 15.1898 186.184 -60.6788
F2_KNU1_B 14.2435 178.328 -19.8807
F2_KNU2_A 9.48463 162.249 -68.3267
F2_KNU3_A 7.08574 150.708 -55.5567
TH_KNU1_A -45.0509 156.797 9.4585
TH_KNU1_B -17.7584 138.261 42.1284
TH_KNU2_A -53.5924 166.305 -19.5657
TH_KNU3_A -56.8087 171.833 -40.3737
PALM_POSITION -2.06875 166.948 -4.7468
PALM_NORMAL -0.014159 -0.903229 -0.428926
