F4_KNU1_A -32.6022 195.544 -46.5469
F4_KNU1_B -18.0862 181.516 -12.0593
F4_KNU2_A -33.7677 174.81 -55.1601
F4_KNU3_A -28.7141 163.904 -44.7637
F3_KNU1_A -2.45824 195.667 -53.6235
F3_KNU1_B 2.4864 181.111 -11.5085
F3_KNU2_A -8.67936 171.311 -61.8493
F3_KNU3_A -8.53068 159.66 -48.8202
F1_KNU1_A 38.2907 173.456 -35.6415
F1_KNU1_B 39.6574 166.166 -3.59949
F1_KNU2_A 29.9014 157.808 -39.6074
F1_KNU3_A 26.7168 147.641 -27.6262
F2_KNU1_A 21.6307 182.355 -48.0865
F2_KNU1_B 22.4716 175.607 -7.08817
F2_KNU2_A 13.2273 158.403 -52.5169
F2_KNU3_A 10.8849 148.304 -38.5695
TH_KNU1_A -41.0817 147.589 9.56171
TH_KNU1_B -17.9681 130.902 46.21
TH_KNU2_A -53.5311 157.95 -17.7042
TH_KNU3_A -50.5535 160.567 -39.1089
PALM_POSITION 3.98403 164.243 5.30901
PALM_NORMAL -0.0984483 -0.815536 -0.570271
