F4_KNU1_A -29.1461 191.976 -50.0391
F4_KNU1_B -14.6083 181.028 -14.4627
F4_KNU2_A -30.0769 170.602 -56.9466
F4_KNU3_A -25.0433 160.23 -46.009
F3_KNU1_A 1.53216 192.526 -56.3835
F3_KNU1_B 5.9331 180.084 -13.5367
F3_KNU2_A -5.09934 167.923 -63.4767
F3_KNU3_A -5.3576 156.67 -50.1046
F1_KNU1_A 42.5297 171.716 -36.7915
F1_KNU1_B 42.5445 164.27 -4.75648
F1_KNU2_A 33.7603 156.361 -41.0677
F1_KNU3_A 29.9219 146.411 -29.0967
F2_KNU1_A 26.3439 182.815 -49.3147
F2_KNU1_B 25.6824 174.114 -8.68275
F2_KNU2_A 17.4583 159.335 -55.116
F2_KNU3_A 14.5459 149.003 -41.449
TH_KNU1_A -39.1061 147.11 6.93333
TH_KNU1_B -16.8748 131.262 44.4885
TH_KNU2_A -50.9814 156.795 -20.8326
TH_KNU3_A -45.8913 157.871 -41.9704
PALM_POSITION 6.68107 163.423 3.53496
PALM_NORMAL -0.110257 -0.820645 -0.5607
