F4_KNU1_A -22.7467 182.233 -58.3074
F4_KNU1_B -10.0934 177.091 -20.7527
F4_KNU2_A -24.9142 160.153 -61.9389
F4_KNU3_A -21.1312 150.69 -49.7441
F3_KNU1_A 7.37913 180.819 -63.3245
F3_KNU1_B 10.282 174.755 -18.9981
F3_KNU2_A -0.895441 155.967 -67.0033
F3_KNU3_A -2.29311 146.526 -52.3596
F1_KNU1_A 49.1994 162.141 -39.4664
F1_KNU1_B 45.318 157.446 -7.1464
F1_KNU2_A 39.358 147.437 -43.6973
F1_KNU3_A 33.4114 139.035 -31.4056
F2_KNU1_A 32.1042 172.922 -53.9586
F2_KNU1_B 29.3762 167.968 -12.7868
F2_KNU2_A 21.683 149.749 -58.2424
F2_KNU3_A 17.5214 140.918 -43.8648
TH_KNU1_A -37.3975 147.859 3.42842
TH_KNU1_B -17.752 134.993 43.4824
TH_KNU2_A -46.5212 154.5 -26.2095
TH_KNU3_A -39.9609 152.259 -46.8448
PALM_POSITION 9.29008 160.233 -0.0844363
PALM_NORMAL -0.158487 -0.871157 -0.464724
