F4_KNU1_A -27.215 146.278 -69.5618
F4_KNU1_B -14.3929 155.725 -32.9116
F4_KNU2_A -27.5724 124.189 -65.3938
F4_KNU3_A -23.1314 119.619 -50.8352
F3_KNU1_A 1.21565 143.344 -74.2196
F3_KNU1_B 6.13677 155.745 -31.4177
F3_KNU2_A -4.95805 117.936 -70.2269
F3_KNU3_A -5.9067 111.375 -54.0534
F1_KNU1_A 45.91 138.816 -47.8739
F1_KNU1_B 42.781 146.381 -16.0199
F1_KNU2_A 37.6839 122.618 -48.8349
F1_KNU3_A 31.0315 115.201 -36.2737
F2_KNU1_A 27.0145 140.39 -63.7337
F2_KNU1_B 25.8654 153.032 -24.1613
F2_KNU2_A 18.7902 116.026 -62.1042
F2_KNU3_A 14.2336 108.21 -47.2661
TH_KNU1_A -38.9463 146.854 2.12241
TH_KNU1_B -17.1552 137.824 42.115
TH_KNU2_A -44.7965 147.694 -29.0358
TH_KNU3_A -40.6267 143.743 -50.033
PALM_POSITION 6.77228 148.584 -8.66006
PALM_NORMAL -0.0873398 -0.987434 -0.1317
