F4_KNU1_A -23.6918 135.339 -73.7307
F4_KNU1_B -13.1353 147.746 -37.2407
F4_KNU2_A -23.5239 112.874 -72.8621
F4_KNU3_A -19.8957 104.048 -60.1545
F3_KNU1_A 2.57748 136.454 -78.59
F3_KNU1_B 7.33709 149.45 -35.9465
F3_KNU2_A -1.80472 110.371 -78.9035
F3_KNU3_A -2.7913 99.5199 -65.236
F1_KNU1_A 49.4205 132.719 -51.4337
F1_KNU1_B 44.7353 143.429 -20.6923
F1_KNU2_A 42.9182 115.883 -53.7271
F1_KNU3_A 35.5766 105.812 -43.6421
F2_KNU1_A 28.323 132.311 -67.0802
F2_KNU1_B 27.2761 148.504 -28.8209
F2_KNU2_A 22.2825 107.269 -66.4796
F2_KNU3_A 18.0936 96.7925 -53.2615
TH_KNU1_A -37.6026 142.364 -0.183838
TH_KNU1_B -13.8619 131.471 38.2026
TH_KNU2_A -42.1645 143.938 -31.5283
TH_KNU3_A -38.832 141.828 -52.9367
PALM_POSITION 8.72467 142.907 -13.0368
PALM_NORMAL -0.00855742 -0.994113 -0.108007
