F4_KNU1_A -20.9532 139.562 -78.6326
F4_KNU1_B -10.3905 143.137 -40.2589
F4_KNU2_A -22.3821 119.273 -88.2117
F4_KNU3_A -19.9408 104.535 -82.7909
F3_KNU1_A 7.80944 141.321 -82.7064
F3_KNU1_B 9.86604 146.145 -38.1809
F3_KNU2_A 5.01475 117.637 -94.1456
F3_KNU3_A 3.55993 101.208 -88.3571
F1_KNU1_A 59.8929 132.05 -50.0026
F1_KNU1_B 46.9846 142.394 -21.5761
F1_KNU2_A 58.0943 115.733 -57.8447
F1_KNU3_A 51.2213 101.378 -55.9109
F2_KNU1_A 35.0281 135.916 -70.1517
F2_KNU1_B 29.5464 146.415 -30.3168
F2_KNU2_A 33.0738 112.795 -81.3561
F2_KNU3_A 29.5745 96.0948 -78.059
TH_KNU1_A -35.5264 136.482 -4.18801
TH_KNU1_B -12.8576 126.076 34.9735
TH_KNU2_A -36.7679 137.671 -35.8552
TH_KNU3_A -43.2787 140.855 -56.382
PALM_POSITION 10.8245 139.471 -15.2872
PALM_NORMAL 0.0599722 -0.991432 -0.116046
