F4_KNU1_A -18.8725 139.303 -73.9768
F4_KNU1_B -8.22766 140.129 -35.4683
F4_KNU2_A -21.1317 122.392 -88.6178
F4_KNU3_A -19.6522 106.589 -89.4177
F3_KNU1_A 12.571 143.11 -77.8531
F3_KNU1_B 11.7482 144.466 -33.0478
F3_KNU2_A 12.1563 123.666 -95.7795
F3_KNU3_A 11.5063 106.286 -97.5185
F1_KNU1_A 68.4427 134.216 -39.7569
F1_KNU1_B 48.5555 143.791 -15.3745
F1_KNU2_A 74.2162 120.799 -50.6027
F1_KNU3_A 74.772 105.889 -56.4703
F2_KNU1_A 39.8355 136.689 -64.2131
F2_KNU1_B 31.1542 146.315 -24.728
F2_KNU2_A 42.3821 118.43 -82.2143
F2_KNU3_A 42.2768 102.235 -88.5178
TH_KNU1_A -35.0623 127.727 0.309239
TH_KNU1_B -11.7314 126.59 40.4362
TH_KNU2_A -38.1036 123.975 -31.0346
TH_KNU3_A -49.6562 124.752 -49.4685
PALM_POSITION 12.4761 138.972 -9.83413
PALM_NORMAL 0.122299 -0.990354 -0.0651279
