F4_KNU1_A -16.8363 142.946 -67.4429
F4_KNU1_B -7.19177 142.491 -28.6657
F4_KNU2_A -20.873 133.172 -87.2826
F4_KNU3_A -22.4322 121.399 -97.8429
F3_KNU1_A 15.4657 146.302 -71.0257
F3_KNU1_B 12.8488 146.533 -26.2695
F3_KNU2_A 16.2274 134.407 -94.6378
F3_KNU3_A 16.2214 121.331 -106.237
F1_KNU1_A 71.1356 135.799 -31.3962
F1_KNU1_B 49.6071 145.519 -8.51062
F1_KNU2_A 80.5817 125.784 -43.2889
F1_KNU3_A 86.7898 114.356 -52.665
F2_KNU1_A 41.7831 139.921 -57.5387
F2_KNU1_B 32.2674 148.187 -17.9379
F2_KNU2_A 46.3993 128.267 -80.0513
F2_KNU3_A 48.6907 117.403 -93.4208
TH_KNU1_A -33.9694 124.467 7.44796
TH_KNU1_B -11.0599 130.17 47.4283
TH_KNU2_A -36.1815 115.908 -23.0087
TH_KNU3_A -47.7037 113.578 -41.3305
PALM_POSITION 13.4425 141.382 -2.97343
PALM_NORMAL 0.10598 -0.99312 -0.0498068
