F4_KNU1_A -14.0241 142.93 -64.6831
F4_KNU1_B -6.01091 143.708 -25.5413
F4_KNU2_A -17.9391 137.645 -86.1814
F4_KNU3_A -20.2564 131.189 -100.517
F3_KNU1_A 17.8498 148.528 -68.3906
F3_KNU1_B 14.0551 147.92 -23.7224
F3_KNU2_A 19.8003 142.892 -94.1594
F3_KNU3_A 20.8793 136.012 -110.191
F1_KNU1_A 73.3617 142.414 -30.6885
F1_KNU1_B 51.25 147.471 -6.87256
F1_KNU2_A 85.097 138.002 -43.8709
F1_KNU3_A 95.0293 133.008 -55.4232
F2_KNU1_A 43.6286 146.721 -56.1354
F2_KNU1_B 33.6634 149.853 -15.9112
F2_KNU2_A 49.4917 142.278 -80.8297
F2_KNU3_A 53.2469 137.942 -97.2346
TH_KNU1_A -33.6271 121.373 13.914
TH_KNU1_B -7.90057 132.789 50.8411
TH_KNU2_A -40.2167 109.625 -14.7968
TH_KNU3_A -53.8641 105.061 -31.1307
PALM_POSITION 15.2634 143.21 -0.356922
PALM_NORMAL 0.111446 -0.993188 -0.0340063
