F4_KNU1_A -13.3865 143.532 -62.084
F4_KNU1_B -7.62854 144.96 -22.4249
F4_KNU2_A -16.4131 140.913 -84.2864
F4_KNU3_A -18.4197 138.024 -99.8411
F3_KNU1_A 15.6121 152.104 -66.2466
F3_KNU1_B 12.6178 148.938 -21.4687
F3_KNU2_A 17.2885 152.059 -92.7356
F3_KNU3_A 18.3421 150.971 -110.21
F1_KNU1_A 69.0576 147.386 -33.98
F1_KNU1_B 50.746 147.499 -6.52246
F1_KNU2_A 78.9025 146.168 -49.3055
F1_KNU3_A 87.3454 144.263 -62.8675
F2_KNU1_A 39.8831 153.28 -55.5539
F2_KNU1_B 32.6865 150.398 -14.5775
F2_KNU2_A 44.1724 153.493 -81.0513
F2_KNU3_A 46.9598 152.75 -98.2504
TH_KNU1_A -30.1889 121.201 15.2982
TH_KNU1_B -5.74553 131 53.7343
TH_KNU2_A -47.0141 114.562 -10.8863
TH_KNU3_A -63.1201 112.298 -25.4691
PALM_POSITION 14.9694 143.279 1.68313
PALM_NORMAL 0.0990463 -0.99199 -0.0783951
