F4_KNU1_A -14.3777 147.229 -61.5963
F4_KNU1_B -8.36123 144.934 -21.8551
F4_KNU2_A -17.5924 146.622 -84.0086
F4_KNU3_A -19.7519 145.074 -99.7973
F3_KNU1_A 14.3433 156.237 -65.5931
F3_KNU1_B 12.0388 148.591 -21.1366
F3_KNU2_A 15.5776 158.705 -92.0972
F3_KNU3_A 16.318 159.164 -109.685
F1_KNU1_A 68.1041 149.86 -34.4907
F1_KNU1_B 50.4809 146.429 -6.64178
F1_KNU2_A 77.5982 150.561 -50.1526
F1_KNU3_A 85.7451 150.283 -64.0972
F2_KNU1_A 38.4772 157.257 -55.1851
F2_KNU1_B 32.2964 149.684 -14.4733
F2_KNU2_A 42.1428 160.511 -80.6773
F2_KNU3_A 44.5121 161.864 -97.972
TH_KNU1_A -32.0428 125.762 16.1086
TH_KNU1_B -5.70869 130.409 54.4885
TH_KNU2_A -51.0555 123.065 -9.42724
TH_KNU3_A -68.923 123.953 -22.1136
PALM_POSITION 14.6077 142.725 2.03924
PALM_NORMAL 0.0817851 -0.992958 -0.0857049
