F4_KNU1_A -26.707 171.28 -56.8985
F4_KNU1_B -18.6599 165.365 -17.056
F4_KNU2_A -32.3583 173.065 -79.2341
F4_KNU3_A -37.014 173.383 -94.8884
F3_KNU1_A 0.99457 156.538 -64.4026
F3_KNU1_B -0.38087 154.792 -18.3733
F3_KNU2_A 0.365992 156.056 -91.5782
F3_KNU3_A -0.878287 154.868 -109.462
F1_KNU1_A 40.1067 120.758 -37.4745
F1_KNU1_B 30.3437 128.934 -6.15885
F1_KNU2_A 43.8478 114.998 -54.867
F1_KNU3_A 45.8686 109.043 -70.0995
F2_KNU1_A 22.1712 142.22 -55.6952
F2_KNU1_B 17.091 142.814 -13.2857
F2_KNU2_A 24.2462 140.832 -82.0623
F2_KNU3_A 25.0088 139.297 -99.843
TH_KNU1_A -40.8705 175.886 26.6053
TH_KNU1_B -13.7088 158.598 61.833
TH_KNU2_A -59.1602 186.877 1.96182
TH_KNU3_A -72.3936 196.758 -13.135
PALM_POSITION 1.55117 150.447 5.69268
PALM_NORMAL -0.578039 -0.812893 0.0712544
