F4_KNU1_A -28.27 170.455 -57.1155
F4_KNU1_B -20.1808 164.717 -17.0714
F4_KNU2_A -33.9753 172.054 -79.5557
F4_KNU3_A -38.6863 172.187 -95.2704
F3_KNU1_A -0.0298801 156.124 -64.6516
F3_KNU1_B -1.68792 154.338 -18.4321
F3_KNU2_A -0.537976 155.572 -91.947
F3_KNU3_A -1.73252 154.279 -109.906
F1_KNU1_A 39.7174 121.253 -37.6981
F1_KNU1_B 29.5664 128.83 -6.19618
F1_KNU2_A 43.6465 115.755 -55.2212
F1_KNU3_A 45.8014 109.972 -70.5791
F2_KNU1_A 21.5622 142.163 -55.8954
F2_KNU1_B 16.0407 142.563 -13.3511
F2_KNU2_A 23.7442 140.699 -82.3658
F2_KNU3_A 24.4758 138.996 -100.211
TH_KNU1_A -42.3239 175.114 26.7224
TH_KNU1_B -14.7795 158.302 62.1652
TH_KNU2_A -60.8853 185.841 1.97765
TH_KNU3_A -74.3585 195.645 -13.1018
PALM_POSITION 0.413833 150.096 5.74709
PALM_NORMAL -0.566832 -0.820233 0.0769421
