F4_KNU1_A -31.4516 166.004 -57.2853
F4_KNU1_B -23.3283 158.725 -17.0869
F4_KNU2_A -37.2245 166.764 -79.9834
F4_KNU3_A -41.974 165.224 -95.7774
F3_KNU1_A 0.153601 160.999 -64.7254
F3_KNU1_B -2.51207 153.766 -18.6355
F3_KNU2_A -0.30872 161.297 -92.2888
F3_KNU3_A -1.81343 159.139 -110.317
F1_KNU1_A 47.6442 138.169 -38.6941
F1_KNU1_B 34.8205 137.01 -6.92357
F1_KNU2_A 52.5658 135.801 -56.8527
F1_KNU3_A 55.0608 131.428 -72.7872
F2_KNU1_A 25.2796 153.446 -55.9483
F2_KNU1_B 17.9304 146.959 -13.7554
F2_KNU2_A 27.6387 153.637 -82.7007
F2_KNU3_A 27.8528 151.428 -100.678
TH_KNU1_A -47.1744 159.862 26.4162
TH_KNU1_B -16.4872 150.49 62.6449
TH_KNU2_A -67.6263 165.565 1.08127
TH_KNU3_A -83.3781 172.016 -13.9217
PALM_POSITION 0.641729 149.159 5.60575
PALM_NORMAL -0.323278 -0.945652 0.0351177
