F4_KNU1_A -32.0439 160.407 -59.1433
F4_KNU1_B -23.7352 152.229 -18.9906
F4_KNU2_A -37.3245 159.995 -82.0619
F4_KNU3_A -41.2923 156.586 -97.8452
F3_KNU1_A -1.00494 162.418 -66.2466
F3_KNU1_B -2.25501 151.981 -20.5307
F3_KNU2_A -1.54237 163.707 -93.8856
F3_KNU3_A -2.64614 161.636 -112.023
F1_KNU1_A 49.9585 150.352 -40.5691
F1_KNU1_B 37.9636 143.148 -9.13077
F1_KNU2_A 54.8758 150.388 -58.9576
F1_KNU3_A 57.6491 147.289 -75.2087
F2_KNU1_A 25.0513 160.951 -57.2698
F2_KNU1_B 19.2535 149.536 -15.7153
F2_KNU2_A 26.9794 162.77 -84.0986
F2_KNU3_A 27.2059 160.718 -102.164
TH_KNU1_A -46.9395 145.907 23.9782
TH_KNU1_B -15.3404 141.834 60.6511
TH_KNU2_A -67.3489 147.73 -2.1209
TH_KNU3_A -84.5107 151.783 -16.5364
PALM_POSITION 1.80805 146.997 3.5978
PALM_NORMAL -0.110206 -0.99383 -0.0125187
