F4_KNU1_A -56.3151 198.144 -31.7498
F4_KNU1_B -45 180.396 5.70336
F4_KNU2_A -62.7303 207.304 -53.1775
F4_KNU3_A -67.287 213.341 -68.4976
F3_KNU1_A -34.1196 195.005 -41.1391
F3_KNU1_B -22.9792 180.757 3.53926
F3_KNU2_A -40.9706 202.156 -67.7954
F3_KNU3_A -45.6222 206.29 -85.5271
F1_KNU1_A 7.58883 153.36 -27.9792
F1_KNU1_B 17.9862 164.969 3.7604
F1_KNU2_A -3.56974 138.435 -33.9189
F1_KNU3_A -13.529 124.488 -32.0762
F2_KNU1_A -8.96678 185.873 -38.1821
F2_KNU1_B -0.974628 174.897 4.38468
F2_KNU2_A -14.5273 190.797 -64.8697
F2_KNU3_A -18.5469 193.237 -82.9524
TH_KNU1_A -65.9805 142.551 26.8715
TH_KNU1_B -36.1342 114.66 55.5602
TH_KNU2_A -83.1398 161.219 4.07662
TH_KNU3_A -94.4942 173.96 -11.938
PALM_POSITION -18.8208 159.47 17.2484
PALM_NORMAL -0.156323 -0.689157 -0.70755
