F4_KNU1_A -26.5138 156.115 -61.6059
F4_KNU1_B -19.5804 146.18 -21.4337
F4_KNU2_A -29.7921 157.201 -84.958
F4_KNU3_A -31.6294 155.029 -101.4
F3_KNU1_A 0.836024 166.905 -67.8284
F3_KNU1_B 1.32552 151.291 -23.421
F3_KNU2_A 0.574545 170.827 -95.3213
F3_KNU3_A 0.424748 170.044 -113.657
F1_KNU1_A 49.9189 165.283 -44.0941
F1_KNU1_B 42.7342 153.366 -12.4883
F1_KNU2_A 53.2255 167.864 -62.7299
F1_KNU3_A 55.4725 166.789 -79.3789
F2_KNU1_A 25.7036 169.99 -59.6675
F2_KNU1_B 22.8809 154.555 -18.9496
F2_KNU2_A 27.2224 174.465 -86.3066
F2_KNU3_A 28.0647 174.154 -104.532
TH_KNU1_A -37.971 142.76 20.2313
TH_KNU1_B -7.97308 141.709 58.6472
TH_KNU2_A -52.9236 141.063 -9.47388
TH_KNU3_A -69.3264 142.726 -25.3052
PALM_POSITION 6.7822 148.539 0.881728
PALM_NORMAL 0.14371 -0.989186 0.0293101
