F4_KNU1_A -31.7504 173.745 -61.0176
F4_KNU1_B -27.2451 162.427 -20.8656
F4_KNU2_A -35.8163 173.262 -84.2659
F4_KNU3_A -39.4584 168.505 -99.8398
F3_KNU1_A -1.58004 172.819 -68.0109
F3_KNU1_B -5.87609 159.936 -22.9374
F3_KNU2_A -2.01603 172.225 -95.7735
F3_KNU3_A -4.11162 166.809 -113.184
F1_KNU1_A 44.5938 153.95 -44.2014
F1_KNU1_B 33.7562 147.763 -12.0014
F1_KNU2_A 47.1198 151.427 -62.967
F1_KNU3_A 46.3075 144.691 -78.3732
F2_KNU1_A 23.1239 166.268 -60.1374
F2_KNU1_B 15.5034 155.623 -18.5113
F2_KNU2_A 24.4081 164.707 -87.1169
F2_KNU3_A 23.0343 158.643 -104.273
TH_KNU1_A -45.5594 166.832 21.0517
TH_KNU1_B -17.3972 155.871 59.3074
TH_KNU2_A -61.7116 171.231 -7.73402
TH_KNU3_A -76.4385 178.04 -23.8336
PALM_POSITION -1.5565 155.968 1.42583
PALM_NORMAL -0.207639 -0.976882 0.0508753
