F4_KNU1_A -30.4642 184.357 -61.2864
F4_KNU1_B -27.2527 173.206 -20.9637
F4_KNU2_A -34.9056 184.082 -84.4692
F4_KNU3_A -39.4994 179.676 -99.8943
F3_KNU1_A -0.357903 177.496 -68.2397
F3_KNU1_B -6.53071 167.313 -22.6957
F3_KNU2_A -0.973049 175.825 -95.9549
F3_KNU3_A -3.94551 170.125 -113.146
F1_KNU1_A 42.4601 151.955 -43.3433
F1_KNU1_B 30.4889 149.061 -11.0806
F1_KNU2_A 44.4738 147.983 -61.919
F1_KNU3_A 42.3605 140.48 -76.8401
F2_KNU1_A 23.0479 166.852 -59.9599
F2_KNU1_B 13.8201 159.678 -17.9182
F2_KNU2_A 23.945 163.579 -86.8013
F2_KNU3_A 21.5012 156.809 -103.57
TH_KNU1_A -45.5144 181.155 20.9623
TH_KNU1_B -19.6899 165.889 59.3913
TH_KNU2_A -61.1549 188.78 -7.42932
TH_KNU3_A -74.3996 197.667 -23.8017
PALM_POSITION -3.23881 162.927 1.75623
PALM_NORMAL -0.361912 -0.930628 0.054328
