F4_KNU1_A -23.6391 197.069 -61.774
F4_KNU1_B -22.4927 186.163 -21.2729
F4_KNU2_A -28.1923 198.054 -84.9158
F4_KNU3_A -33.7036 195.409 -100.442
F3_KNU1_A 3.56893 181.227 -68.6133
F3_KNU1_B -3.98935 175.069 -22.5591
F3_KNU2_A 2.39133 179.048 -96.2751
F3_KNU3_A -1.72511 174.213 -113.495
F1_KNU1_A 37.6808 145.897 -42.8153
F1_KNU1_B 26.7986 147.948 -10.1054
F1_KNU2_A 37.8799 140.76 -61.2127
F1_KNU3_A 33.4967 133.628 -75.8177
F2_KNU1_A 23.8361 165.509 -59.6403
F2_KNU1_B 13.5879 162.458 -17.3344
F2_KNU2_A 23.9406 161.613 -86.4132
F2_KNU3_A 20.175 155.664 -103.248
TH_KNU1_A -39.024 199.497 20.607
TH_KNU1_B -18.5095 178.003 59.2579
TH_KNU2_A -52.1181 211.713 -7.46736
TH_KNU3_A -62.246 223.284 -24.3788
PALM_POSITION -2.38267 170.242 1.97863
PALM_NORMAL -0.592401 -0.803923 0.0526168
