F4_KNU1_A -18.6626 201.835 -62.2713
F4_KNU1_B -18.9286 190.66 -21.8283
F4_KNU2_A -22.8465 204.047 -85.398
F4_KNU3_A -28.4096 202.922 -101.09
F3_KNU1_A 5.6316 181.306 -68.8792
F3_KNU1_B -2.40925 176.752 -22.7202
F3_KNU2_A 3.97852 179.26 -96.5268
F3_KNU3_A -0.869875 175.169 -113.749
F1_KNU1_A 32.0286 140.95 -42.7341
F1_KNU1_B 23.4734 145.207 -9.54885
F1_KNU2_A 30.2114 135.633 -60.9909
F1_KNU3_A 23.7819 129.215 -75.1637
F2_KNU1_A 22.8906 162.237 -59.5677
F2_KNU1_B 12.8539 161.56 -17.1067
F2_KNU2_A 22.1141 158.043 -86.2845
F2_KNU3_A 17.378 152.642 -103.059
TH_KNU1_A -33.8415 207.051 19.8072
TH_KNU1_B -17.5423 182.774 58.8163
TH_KNU2_A -44.6524 222.034 -7.89619
TH_KNU3_A -52.5145 234.621 -25.2806
PALM_POSITION -1.97124 171.977 1.87614
PALM_NORMAL -0.71354 -0.698931 0.0485499
