F4_KNU1_A -57.5229 198.459 -33.2073
F4_KNU1_B -46.0638 180.479 4.09145
F4_KNU2_A -64.0154 207.465 -54.6767
F4_KNU3_A -68.6214 213.235 -70.085
F3_KNU1_A -34.6768 196.934 -42.0916
F3_KNU1_B -24.0262 181.188 2.2019
F3_KNU2_A -41.4383 203.913 -68.8161
F3_KNU3_A -46.1137 207.406 -86.6789
F1_KNU1_A 14.1031 160.754 -31.5716
F1_KNU1_B 17.2008 166.13 3.23889
F1_KNU2_A 6.42077 150.053 -46.0288
F1_KNU3_A -2.54988 137.873 -54.292
F2_KNU1_A -9.629 187.695 -38.9193
F2_KNU1_B -1.93616 175.733 3.43661
F2_KNU2_A -15.3223 192.001 -65.6856
F2_KNU3_A -19.566 193.415 -83.8263
TH_KNU1_A -66.7311 143.313 26.3644
TH_KNU1_B -36.7103 115.837 55.2713
TH_KNU2_A -83.6355 161.665 3.12775
TH_KNU3_A -95.4888 174.302 -12.6056
PALM_POSITION -19.6784 160.233 16.3565
PALM_NORMAL -0.13507 -0.704686 -0.696544
