F4_KNU1_A -38.2828 199.726 -61.5026
F4_KNU1_B -31.4 186.309 -22.3468
F4_KNU2_A -44.0763 202.998 -84.1515
F4_KNU3_A -49.2164 202.614 -100.022
F3_KNU1_A -8.37751 192.144 -69.9151
F3_KNU1_B -10.9173 179.776 -24.5649
F3_KNU2_A -10.2248 194.186 -97.5506
F3_KNU3_A -13.3371 192.427 -115.552
F1_KNU1_A 33.0046 163.127 -48.6471
F1_KNU1_B 24.7691 157.788 -15.5377
F1_KNU2_A 33.9433 162.398 -67.7122
F1_KNU3_A 31.9893 159.011 -84.0862
F2_KNU1_A 15.5238 180.071 -62.7444
F2_KNU1_B 8.87039 170.341 -20.7301
F2_KNU2_A 16.0967 181.195 -89.7701
F2_KNU3_A 14.3609 179.012 -107.803
TH_KNU1_A -52.8025 183.123 18.6803
TH_KNU1_B -27.2087 163.769 55.384
TH_KNU2_A -70.0681 196.061 -6.6841
TH_KNU3_A -82.9349 206.29 -22.5669
PALM_POSITION -8.75148 170.747 -1.28912
PALM_NORMAL -0.405708 -0.904446 -0.131827
