F4_KNU1_A -45.2916 193.698 -61.8367
F4_KNU1_B -36.4237 181.452 -22.6961
F4_KNU2_A -51.238 195.948 -84.5703
F4_KNU3_A -55.8815 194.696 -100.549
F3_KNU1_A -15.0871 193.6 -70.0756
F3_KNU1_B -15.0633 179.329 -25.2159
F3_KNU2_A -17.2178 196.474 -97.6166
F3_KNU3_A -19.7868 195.118 -115.738
F1_KNU1_A 30.987 173.566 -50.1577
F1_KNU1_B 24.3491 164.273 -17.5669
F1_KNU2_A 32.1384 174.889 -69.1791
F1_KNU3_A 31.2061 173.123 -85.8946
F2_KNU1_A 10.4527 186.773 -63.3683
F2_KNU1_B 6.2328 173.764 -21.9303
F2_KNU2_A 10.8475 190.003 -90.227
F2_KNU3_A 9.79943 189.268 -108.43
TH_KNU1_A -56.3397 169.842 17.1437
TH_KNU1_B -27.3417 154.281 53.1125
TH_KNU2_A -75.1617 179.703 -8.49492
TH_KNU3_A -89.8682 187.883 -23.9625
PALM_POSITION -10.9962 169.147 -2.68213
PALM_NORMAL -0.21777 -0.954306 -0.204639
