F4_KNU1_A -58.0939 184.682 -63.4743
F4_KNU1_B -46.604 173.553 -24.6839
F4_KNU2_A -63.6033 185.197 -86.4226
F4_KNU3_A -66.728 182.077 -102.515
F3_KNU1_A -31.0488 196.089 -71.0269
F3_KNU1_B -25.9314 179.263 -27.3604
F3_KNU2_A -34.1062 199.157 -98.4594
F3_KNU3_A -36.0421 197.117 -116.596
F1_KNU1_A 18.2735 192.293 -52.4112
F1_KNU1_B 16.4262 178.681 -20.7275
F1_KNU2_A 18.1954 195.187 -71.2927
F1_KNU3_A 17.2967 194.088 -88.067
F2_KNU1_A -5.55853 197.946 -64.8056
F2_KNU1_B -3.96989 181.398 -24.4599
F2_KNU2_A -7.00623 202.163 -91.4909
F2_KNU3_A -8.21239 201.317 -109.679
TH_KNU1_A -59.7244 152.666 13.7967
TH_KNU1_B -26.7493 146.951 49.2472
TH_KNU2_A -79.2661 155.797 -12.9834
TH_KNU3_A -96.5723 158.975 -27.5726
PALM_POSITION -18.0084 169.874 -5.51918
PALM_NORMAL 0.127825 -0.955969 -0.264166
