F4_KNU1_A -50.243 169.355 -68.1047
F4_KNU1_B -41.4002 164.773 -27.3446
F4_KNU2_A -52.8971 166.344 -91.3669
F4_KNU3_A -53.2886 160.981 -107.164
F3_KNU1_A -30.3598 191.7 -72.756
F3_KNU1_B -22.2815 174.585 -29.653
F3_KNU2_A -34.3919 198.13 -99.4712
F3_KNU3_A -36.5704 200.108 -117.587
F1_KNU1_A 19.5231 197.923 -52.615
F1_KNU1_B 18.705 183.828 -21.0995
F1_KNU2_A 19.987 202.074 -71.2549
F1_KNU3_A 20.3909 202.769 -88.07
F2_KNU1_A -5.14183 199.031 -65.8811
F2_KNU1_B -1.513 181.698 -25.9997
F2_KNU2_A -6.84251 206.06 -91.9519
F2_KNU3_A -7.63282 208.443 -110.026
TH_KNU1_A -54.8157 149.886 14.3587
TH_KNU1_B -21.2472 149.816 49.7128
TH_KNU2_A -72.0805 149.371 -14.1109
TH_KNU3_A -88.8618 149.522 -29.629
PALM_POSITION -13.9968 169.126 -6.64124
PALM_NORMAL 0.344955 -0.924844 -0.160218
