F4_KNU1_A -29.3672 149.847 -66.4894
F4_KNU1_B -35.0299 161.3 -26.5224
F4_KNU2_A -23.3027 137.112 -85.4179
F4_KNU3_A -17.8076 125.444 -96.0052
F3_KNU1_A -24.3204 186.961 -71.2145
F3_KNU1_B -16.1131 171.713 -27.4404
F3_KNU2_A -28.4628 192.912 -98.0238
F3_KNU3_A -30.7446 194.958 -116.119
F1_KNU1_A 22.9579 198.415 -46.2744
F1_KNU1_B 23.5549 182.769 -15.4944
F1_KNU2_A 22.7309 204.518 -64.374
F1_KNU3_A 22.6171 207.758 -80.8932
F2_KNU1_A -2.08162 196.643 -61.9253
F2_KNU1_B 3.97138 179.716 -22.1637
F2_KNU2_A -5.37789 204.277 -87.6707
F2_KNU3_A -7.29187 207.591 -105.513
TH_KNU1_A -52.1011 148.645 14.4856
TH_KNU1_B -21.7607 149.997 52.6221
TH_KNU2_A -68.3152 147.331 -14.57
TH_KNU3_A -84.0228 146.846 -31.1678
PALM_POSITION -9.86275 167.43 -3.5539
PALM_NORMAL 0.388888 -0.916925 -0.0895264
