F4_KNU1_A -20.8814 141.998 -58.302
F4_KNU1_B -30.8275 163.182 -23.4759
F4_KNU2_A -12.7878 123.521 -70.5637
F4_KNU3_A -6.46741 108.686 -74.8549
F3_KNU1_A -17.2173 188.969 -67.1673
F3_KNU1_B -11.5228 172.9 -23.2881
F3_KNU2_A -19.944 195.386 -94.0505
F3_KNU3_A -21.3425 197.727 -112.2
F1_KNU1_A 27.1618 198.185 -39.8872
F1_KNU1_B 27.9011 182.25 -9.25873
F1_KNU2_A 26.752 204.32 -57.9729
F1_KNU3_A 26.3975 207.48 -74.5041
F2_KNU1_A 1.80977 196.655 -56.6922
F2_KNU1_B 8.56242 180.051 -16.9071
F2_KNU2_A -2.03541 203.788 -82.5053
F2_KNU3_A -4.38267 206.582 -100.384
TH_KNU1_A -49.4171 148.617 15.8157
TH_KNU1_B -21.7927 149.941 55.9641
TH_KNU2_A -64.9643 147.339 -13.6038
TH_KNU3_A -80.8623 147.099 -30.0247
PALM_POSITION -6.58619 167.949 0.776265
PALM_NORMAL 0.359195 -0.928964 -0.0894714
