F4_KNU1_A -45.0722 169.17 -67.8061
F4_KNU1_B -38.6792 166.758 -26.407
F4_KNU2_A -47.8728 168.264 -91.2279
F4_KNU3_A -49.4079 166.404 -107.739
F3_KNU1_A -20.2379 177.889 -74.028
F3_KNU1_B -18.7588 175.117 -27.058
F3_KNU2_A -20.6553 176.426 -101.759
F3_KNU3_A -20.6989 173.903 -119.938
F1_KNU1_A 25.5002 189.679 -50.4615
F1_KNU1_B 22.9704 178.622 -17.8441
F1_KNU2_A 26.6543 193.402 -69.1619
F1_KNU3_A 27.4846 194.939 -85.9052
F2_KNU1_A 1.34229 190.161 -64.7956
F2_KNU1_B 2.60392 179.403 -22.525
F2_KNU2_A 0.734792 194.132 -91.5509
F2_KNU3_A 0.423217 195.321 -109.757
TH_KNU1_A -52.7744 140.313 10.0948
TH_KNU1_B -19.3739 133.568 44.9612
TH_KNU2_A -71.2881 144.814 -17.2153
TH_KNU3_A -89.6103 147.958 -30.5142
PALM_POSITION -10.828 164.042 -6.02403
PALM_NORMAL 0.257226 -0.893923 -0.367066
