F4_KNU1_A -44.547 167.072 -66.2896
F4_KNU1_B -38.5959 164.766 -24.8186
F4_KNU2_A -47.4887 167.138 -89.7115
F4_KNU3_A -49.3407 166.508 -106.283
F3_KNU1_A -17.1688 168.391 -72.5169
F3_KNU1_B -18.5891 172.897 -25.6797
F3_KNU2_A -15.9924 163.062 -99.7479
F3_KNU3_A -15.0558 158.27 -117.44
F1_KNU1_A 24.8305 185.788 -49.4912
F1_KNU1_B 23.1038 176.401 -16.3029
F1_KNU2_A 25.6351 189.575 -68.197
F1_KNU3_A 26.2347 191.903 -84.8588
F2_KNU1_A 1.91637 186.039 -63.8896
F2_KNU1_B 2.78113 177.172 -21.1723
F2_KNU2_A 1.48004 189.743 -90.6864
F2_KNU3_A 1.24093 191.259 -108.869
TH_KNU1_A -52.7711 140.817 12.4002
TH_KNU1_B -20.1481 134.556 48.0834
TH_KNU2_A -70.3808 144.767 -15.5846
TH_KNU3_A -87.9138 147.817 -29.9284
PALM_POSITION -10.9241 162.68 -4.11958
PALM_NORMAL 0.251031 -0.911597 -0.325537
