F4_KNU1_A -43.2514 170.06 -63.1576
F4_KNU1_B -37.9025 166.672 -21.6788
F4_KNU2_A -45.0466 168.391 -86.636
F4_KNU3_A -45.6514 165.339 -103.03
F3_KNU1_A -18.2055 173.184 -68.8994
F3_KNU1_B -17.8108 174.636 -21.8485
F3_KNU2_A -17.8935 167.93 -96.1685
F3_KNU3_A -17.4347 162.448 -113.678
F1_KNU1_A 27.8395 180.17 -47.2526
F1_KNU1_B 24.1402 176.29 -13.1377
F1_KNU2_A 29.398 179.44 -66.277
F1_KNU3_A 30.4394 176.967 -82.8961
F2_KNU1_A 9.29604 177.008 -60.5813
F2_KNU1_B 3.71908 177.98 -17.3137
F2_KNU2_A 12.6498 171.538 -86.8647
F2_KNU3_A 14.8173 165.597 -103.982
TH_KNU1_A -51.2408 139.51 12.4042
TH_KNU1_B -18.1303 125.839 45.473
TH_KNU2_A -69.2681 149.024 -13.9276
TH_KNU3_A -86.0131 155.318 -28.1558
PALM_POSITION -9.77288 161.269 -2.23504
PALM_NORMAL 0.230407 -0.856038 -0.462721
