F4_KNU1_A -58.7332 196.103 -35.1141
F4_KNU1_B -48.3999 180.905 3.71925
F4_KNU2_A -64.6125 203.55 -57.3442
F4_KNU3_A -68.7965 208.235 -73.2333
F3_KNU1_A -33.9867 199.837 -44.0013
F3_KNU1_B -26.5844 182.078 0.192664
F3_KNU2_A -38.6766 209.148 -70.4578
F3_KNU3_A -41.9303 214.721 -88.107
F1_KNU1_A 14.5971 184.711 -32.7693
F1_KNU1_B 14.9475 167.963 -1.6302
F1_KNU2_A 13.9936 193.353 -50.3051
F1_KNU3_A 13.1894 200.546 -65.9489
F2_KNU1_A -8.48045 197.381 -39.7562
F2_KNU1_B -4.34194 177.138 -0.141298
F2_KNU2_A -11.3308 209.232 -64.6329
F2_KNU3_A -13.3983 216.859 -81.5634
TH_KNU1_A -65.5812 143.176 26.4685
TH_KNU1_B -33.7867 117.256 54.9115
TH_KNU2_A -82.9914 160.241 2.63167
TH_KNU3_A -95.2512 172.015 -13.4556
PALM_POSITION -20.7152 161.439 14.2607
PALM_NORMAL -0.16958 -0.717797 -0.675285
