F4_KNU1_A -53.8497 175.074 -59.3062
F4_KNU1_B -45.4795 167.897 -18.8216
F4_KNU2_A -58.3 178.064 -82.2953
F4_KNU3_A -61.301 179.607 -98.6371
F3_KNU1_A -29.2945 184.544 -65.8382
F3_KNU1_B -24.9623 174.583 -20.0338
F3_KNU2_A -31.8099 189.588 -93.0327
F3_KNU3_A -33.4503 192.493 -111.08
F1_KNU1_A 17.4361 178.39 -47.6416
F1_KNU1_B 17.3944 173.612 -13.4401
F1_KNU2_A 17.1405 179.527 -66.7076
F1_KNU3_A 16.6752 179.553 -83.5354
F2_KNU1_A 1.47857 165.985 -58.6848
F2_KNU1_B -3.0647 176.575 -16.5975
F2_KNU2_A 3.88696 156.202 -83.7943
F2_KNU3_A 5.31808 148.246 -100.154
TH_KNU1_A -58.6466 140.711 15.4242
TH_KNU1_B -24.9572 126.008 47.4497
TH_KNU2_A -76.844 150.583 -10.657
TH_KNU3_A -93.2462 157.469 -25.0101
PALM_POSITION -16.8028 160.768 -0.783828
PALM_NORMAL 0.152796 -0.869553 -0.469607
