F4_KNU1_A -55.7428 175.802 -57.0415
F4_KNU1_B -44.7296 166.222 -17.7029
F4_KNU2_A -61.539 179.546 -79.6164
F4_KNU3_A -65.3924 181.246 -95.7628
F3_KNU1_A -29.2396 183.703 -64.4048
F3_KNU1_B -24.2679 173.094 -18.8111
F3_KNU2_A -32.0659 188.263 -91.6541
F3_KNU3_A -33.8723 190.374 -109.796
F1_KNU1_A 14.5325 178.957 -44.9582
F1_KNU1_B 17.9092 173.109 -11.0914
F1_KNU2_A 11.7954 176.189 -63.6594
F1_KNU3_A 8.96621 169.926 -79.0271
F2_KNU1_A -0.960115 146.849 -47.7465
F2_KNU1_B -2.49327 175.592 -14.9501
F2_KNU2_A -0.712588 124.128 -62.4327
F2_KNU3_A -0.81093 107.491 -69.9283
TH_KNU1_A -58.4286 144.911 19.4515
TH_KNU1_B -25.464 128.857 51.5816
TH_KNU2_A -73.3 155.264 -8.4864
TH_KNU3_A -86.145 162.65 -25.8906
PALM_POSITION -16.4549 160.626 1.47412
PALM_NORMAL 0.175342 -0.89519 -0.409745
