F4_KNU1_A -56.9327 177.222 -57.5936
F4_KNU1_B -45.7595 168.158 -18.1781
F4_KNU2_A -62.572 179.917 -80.3572
F4_KNU3_A -66.1763 180.503 -96.6394
F3_KNU1_A -31.9937 187.973 -63.6132
F3_KNU1_B -25.2291 174.874 -18.9066
F3_KNU2_A -35.8379 193.168 -90.6233
F3_KNU3_A -38.2878 195.282 -108.689
F1_KNU1_A 14.4726 184.168 -45.0674
F1_KNU1_B 17.1214 173.361 -12.3755
F1_KNU2_A 12.0891 185.104 -63.9972
F1_KNU3_A 9.47865 182.523 -80.4263
F2_KNU1_A -1.31985 163.932 -57.043
F2_KNU1_B -3.33005 176.577 -15.3274
F2_KNU2_A -0.56969 151.329 -80.9716
F2_KNU3_A -0.280966 140.988 -96.0035
TH_KNU1_A -59.0728 141.664 16.0025
TH_KNU1_B -25.3586 121.675 44.9944
TH_KNU2_A -75.1206 155.449 -9.71332
TH_KNU3_A -90.5716 164.856 -23.6857
PALM_POSITION -17.1079 159.724 -0.671388
PALM_NORMAL 0.151478 -0.834671 -0.529508
