F4_KNU1_A -56.1959 182.697 -54.8707
F4_KNU1_B -45.1356 171.373 -16.0116
F4_KNU2_A -62.0303 186.151 -77.4821
F4_KNU3_A -65.905 187.025 -93.6891
F3_KNU1_A -31.2444 191.902 -60.9367
F3_KNU1_B -23.9392 175.332 -17.4839
F3_KNU2_A -35.8095 198.824 -87.4423
F3_KNU3_A -38.9319 201.918 -105.261
F1_KNU1_A 22.8696 172.601 -47.7165
F1_KNU1_B 18.0766 167.57 -13.8893
F1_KNU2_A 23.9955 172.176 -66.7807
F1_KNU3_A 24.012 169.801 -83.4466
F2_KNU1_A -3.0459 185.229 -57.2883
F2_KNU1_B -1.85783 173.751 -15.2054
F2_KNU2_A -4.52067 188.493 -84.1053
F2_KNU3_A -5.86903 188.746 -102.301
TH_KNU1_A -61.094 141.682 15.5792
TH_KNU1_B -28.0831 116.728 41.3538
TH_KNU2_A -78.9795 158.679 -6.78322
TH_KNU3_A -94.796 170.351 -18.4469
PALM_POSITION -17.0495 157.553 -1.22325
PALM_NORMAL 0.0061508 -0.792584 -0.609732
