F4_KNU1_A -52.8644 186.945 -54.2119
F4_KNU1_B -41.7437 174.669 -15.6608
F4_KNU2_A -59.3376 191.134 -76.5233
F4_KNU3_A -63.9866 192.618 -92.4804
F3_KNU1_A -26.6912 194.934 -60.7848
F3_KNU1_B -20.3584 174.627 -18.7901
F3_KNU2_A -31.007 205.17 -86.2386
F3_KNU3_A -34.1535 210.995 -103.356
F1_KNU1_A 26.7766 162.822 -51.128
F1_KNU1_B 19.7652 159.565 -17.4708
F1_KNU2_A 29.0564 162.516 -70.0911
F1_KNU3_A 30.0083 160.889 -86.8195
F2_KNU1_A 0.588191 185.65 -58.2812
F2_KNU1_B 1.20146 169.185 -17.8752
F2_KNU2_A -0.499351 194.204 -83.9254
F2_KNU3_A -1.60366 199.08 -101.475
TH_KNU1_A -61.5365 145.393 15.5942
TH_KNU1_B -30.2882 120.985 43.9588
TH_KNU2_A -80.2747 161.311 -6.86355
TH_KNU3_A -95.8523 172.973 -18.8545
PALM_POSITION -15.4999 156.788 -1.87407
PALM_NORMAL -0.181416 -0.811993 -0.554757
