F4_KNU1_A -50.5152 186.874 -52.5344
F4_KNU1_B -41.742 170.816 -14.7753
F4_KNU2_A -56.1736 193.268 -74.5424
F4_KNU3_A -60.566 196.131 -90.3839
F3_KNU1_A -23.742 190.496 -59.0745
F3_KNU1_B -20.5168 168.085 -17.8022
F3_KNU2_A -26.5055 202.032 -84.1861
F3_KNU3_A -28.8309 208.627 -101.155
F1_KNU1_A 11.6852 130.397 -38.5699
F1_KNU1_B 18.4216 151.162 -11.8113
F1_KNU2_A 2.8507 115.649 -46.8961
F1_KNU3_A -6.8442 102.253 -50.0524
F2_KNU1_A 1.88481 176.234 -56.3243
F2_KNU1_B 0.605723 161.558 -15.2499
F2_KNU2_A 1.39815 182.913 -82.5376
F2_KNU3_A 0.331234 185.976 -100.495
TH_KNU1_A -61.2332 154.27 22.8728
TH_KNU1_B -32.5064 138.602 59.012
TH_KNU2_A -78.0825 162.841 -4.54032
TH_KNU3_A -92.8141 171.193 -19.8922
PALM_POSITION -16.4835 156.361 3.97487
PALM_NORMAL -0.256266 -0.930976 -0.260022
