F4_KNU1_A -51.7283 187.843 -54.8681
F4_KNU1_B -42.31 168.534 -18.8258
F4_KNU2_A -57.6149 193.892 -76.9136
F4_KNU3_A -61.9772 195.009 -92.9812
F3_KNU1_A -23.9115 193.978 -61.6405
F3_KNU1_B -20.9058 169.147 -21.7603
F3_KNU2_A -27.1976 203.764 -87.4229
F3_KNU3_A -30.1956 207.112 -105.217
F1_KNU1_A 19.2548 142.354 -47.0491
F1_KNU1_B 20.0995 157.902 -16.2256
F1_KNU2_A 14.1021 128.295 -58.9104
F1_KNU3_A 7.40717 114.199 -65.2261
F2_KNU1_A 0.947523 184.809 -58.5504
F2_KNU1_B 0.945159 165.704 -19.3187
F2_KNU2_A -0.987501 191.207 -84.7667
F2_KNU3_A -3.38184 192.129 -102.833
TH_KNU1_A -58.4885 148.591 17.565
TH_KNU1_B -28.6048 134.238 53.3105
TH_KNU2_A -76.1109 156.984 -9.41401
TH_KNU3_A -90.7959 164.055 -25.4389
PALM_POSITION -15.238 157.03 -0.569966
PALM_NORMAL -0.114068 -0.943842 -0.310082
