F4_KNU1_A -51.0229 188.483 -53.875
F4_KNU1_B -41.9658 167.792 -18.5135
F4_KNU2_A -55.8707 194.592 -76.1554
F4_KNU3_A -58.9727 195.36 -92.5332
F3_KNU1_A -23.1647 197.511 -60.4783
F3_KNU1_B -20.8711 171.648 -21.2113
F3_KNU2_A -25.2497 207.572 -86.28
F3_KNU3_A -26.9982 210.992 -104.227
F1_KNU1_A 24.0663 180.679 -48.199
F1_KNU1_B 21.3263 164.969 -17.568
F1_KNU2_A 23.7338 184.677 -66.8749
F1_KNU3_A 22.1134 184.583 -83.6308
F2_KNU1_A 0.858145 193.783 -56.3308
F2_KNU1_B 1.28181 170.665 -19.3238
F2_KNU2_A -0.519116 203.042 -81.7151
F2_KNU3_A -2.06099 206.119 -99.6354
TH_KNU1_A -45.0245 124.248 3.24217
TH_KNU1_B -22.6746 123.514 46.5631
TH_KNU2_A -52.0965 123.409 -29.2869
TH_KNU3_A -58.4514 123.07 -51.2402
PALM_POSITION -13.3165 156.857 -2.44568
PALM_NORMAL 0.00100866 -0.882196 -0.470881
