F4_KNU1_A -45.4822 183.695 -60.709
F4_KNU1_B -37.9915 165.522 -23.6386
F4_KNU2_A -49.1358 189.046 -83.4082
F4_KNU3_A -51.2809 189.75 -99.9415
F3_KNU1_A -20.4386 197.416 -63.5042
F3_KNU1_B -16.9639 170.267 -25.2045
F3_KNU2_A -22.7103 210.94 -87.6551
F3_KNU3_A -24.3281 218.319 -104.381
F1_KNU1_A 25.8863 182.965 -48.4446
F1_KNU1_B 25.1506 165.982 -18.3843
F1_KNU2_A 25.2826 189.178 -66.4981
F1_KNU3_A 24.0157 192.141 -83.0211
F2_KNU1_A 0.0383395 192.365 -59.266
F2_KNU1_B 5.02991 170.532 -21.816
F2_KNU2_A -3.60915 202.534 -84.071
F2_KNU3_A -6.35203 207.329 -101.462
TH_KNU1_A -34.3956 123.417 -1.47859
TH_KNU1_B -21.1552 126.46 45.3423
TH_KNU2_A -30.4184 119.777 -34.3388
TH_KNU3_A -26.5299 117.166 -56.7108
PALM_POSITION -10.03 157.088 -5.04945
PALM_NORMAL 0.0741951 -0.908861 -0.410446
