F4_KNU1_A -52.3435 178.371 -59.3265
F4_KNU1_B -40.8186 160.21 -23.2996
F4_KNU2_A -58.7718 185.282 -80.9635
F4_KNU3_A -63.1995 188.079 -96.8069
F3_KNU1_A -21.3304 182.647 -69.236
F3_KNU1_B -19.6878 163.739 -26.1565
F3_KNU2_A -22.8223 189.737 -96.0467
F3_KNU3_A -24.0823 192.055 -114.209
F1_KNU1_A 23.4 175.865 -50.7032
F1_KNU1_B 22.4514 157.221 -21.6508
F1_KNU2_A 22.8082 183.546 -68.1832
F1_KNU3_A 21.4498 188.162 -84.3151
F2_KNU1_A -0.884037 186.572 -60.489
F2_KNU1_B 2.44648 162.83 -24.0289
F2_KNU2_A -3.79746 197.954 -84.86
F2_KNU3_A -6.23333 203.517 -102.068
TH_KNU1_A -29.1024 122.23 -2.83593
TH_KNU1_B -22.1918 121.498 45.4183
TH_KNU2_A -23.601 120.084 -35.6076
TH_KNU3_A -17.5107 118.023 -57.5418
PALM_POSITION -12.3343 150.553 -6.15564
PALM_NORMAL 0.000229657 -0.918753 -0.394833
