F4_KNU1_A -44.3958 166.084 -58.9691
F4_KNU1_B -37.0872 155.711 -18.9747
F4_KNU2_A -48.1041 170.77 -81.8062
F4_KNU3_A -50.4979 173.442 -98.1026
F3_KNU1_A -20.1375 187.421 -58.8048
F3_KNU1_B -16.992 163.639 -18.3011
F3_KNU2_A -21.8717 200.356 -83.32
F3_KNU3_A -22.9474 208.272 -99.8434
F1_KNU1_A 26.8324 175.903 -43.534
F1_KNU1_B 25.3101 163.61 -11.2984
F1_KNU2_A 27.3737 180.965 -61.9454
F1_KNU3_A 27.6458 184.231 -78.4576
F2_KNU1_A 3.03595 187.106 -52.2844
F2_KNU1_B 4.73063 166.046 -14.104
F2_KNU2_A 2.03761 197.995 -77.0311
F2_KNU3_A 1.40404 203.853 -94.3013
TH_KNU1_A -30.1339 109.928 -8.59694
TH_KNU1_B -14.5164 101.415 36.7944
TH_KNU2_A -38.5678 115.944 -40.2439
TH_KNU3_A -43.8908 120.112 -62.0784
PALM_POSITION -8.14447 146.387 -2.4242
PALM_NORMAL 0.206337 -0.734112 -0.646919
