F4_KNU1_A -40.0268 152.821 -58.012
F4_KNU1_B -36.4011 156.402 -16.3633
F4_KNU2_A -40.8768 146.687 -80.791
F4_KNU3_A -40.9154 140.52 -96.2964
F3_KNU1_A -21.8748 183.996 -58.8106
F3_KNU1_B -15.8236 162.968 -17.1305
F3_KNU2_A -25.4315 195.664 -83.7609
F3_KNU3_A -27.7734 202.979 -100.429
F1_KNU1_A 26.6821 176.669 -42.5101
F1_KNU1_B 26.6738 160.534 -11.9774
F1_KNU2_A 26.3885 184.421 -59.9662
F1_KNU3_A 25.9257 190.422 -75.6876
F2_KNU1_A 2.62849 185.057 -52.2064
F2_KNU1_B 6.18556 164.17 -14.0596
F2_KNU2_A 0.373608 197.305 -76.2249
F2_KNU3_A -1.17363 205.171 -92.6173
TH_KNU1_A -41.0658 111.565 1.67703
TH_KNU1_B -14.7645 104.665 42.1419
TH_KNU2_A -54.9424 116.378 -28.2082
TH_KNU3_A -66.2497 119.646 -47.802
PALM_POSITION -7.36671 146.288 -0.450166
PALM_NORMAL 0.126927 -0.789323 -0.600715
