F4_KNU1_A -29.9642 130.545 -56.0001
F4_KNU1_B -32.669 147.229 -17.5956
F4_KNU2_A -27.2314 117.2 -75.2794
F4_KNU3_A -24.829 106.288 -87.6726
F3_KNU1_A -20.6292 170.852 -60.8032
F3_KNU1_B -12.21 154.197 -17.5856
F3_KNU2_A -25.4934 179.222 -86.8339
F3_KNU3_A -28.6463 183.969 -104.28
F1_KNU1_A 29.1954 169.391 -39.9471
F1_KNU1_B 29.8722 153.266 -9.41677
F1_KNU2_A 28.6019 177.168 -57.3845
F1_KNU3_A 27.926 183.193 -73.0891
F2_KNU1_A 4.5497 175.645 -51.9284
F2_KNU1_B 9.51192 156.203 -13.1792
F2_KNU2_A 1.45548 186.91 -76.3315
F2_KNU3_A -0.639525 194.066 -92.9863
TH_KNU1_A -44.6028 114.635 10.9542
TH_KNU1_B -14.1516 101.473 46.6788
TH_KNU2_A -59.2978 123.594 -17.5528
TH_KNU3_A -73.0906 129.779 -34.6979
PALM_POSITION -4.61305 139.286 1.06721
PALM_NORMAL 0.182066 -0.836576 -0.516712
