F4_KNU1_A -24.8689 119.282 -52.8998
F4_KNU1_B -29.7659 142.984 -18.6247
F4_KNU2_A -20.695 101.766 -68.1646
F4_KNU3_A -17.2667 88.0777 -77.0714
F3_KNU1_A -19.4064 166.986 -61.1611
F3_KNU1_B -9.34565 150.062 -18.4012
F3_KNU2_A -25.2096 175.163 -87.0602
F3_KNU3_A -28.9591 179.569 -104.478
F1_KNU1_A 31.2757 167.857 -38.3824
F1_KNU1_B 32.4758 149.842 -8.94508
F1_KNU2_A 30.3837 176.566 -55.3607
F1_KNU3_A 29.4342 183.287 -70.7657
F2_KNU1_A 6.30962 173.457 -51.2531
F2_KNU1_B 12.2256 152.441 -13.4716
F2_KNU2_A 2.6171 185.282 -75.3055
F2_KNU3_A 0.117559 192.556 -91.853
TH_KNU1_A -42.3745 113.176 11.6962
TH_KNU1_B -12.9955 101.044 48.6617
TH_KNU2_A -56.2957 121.236 -17.46
TH_KNU3_A -69.6205 126.921 -35.1402
PALM_POSITION -2.24991 136.274 1.28427
PALM_NORMAL 0.200989 -0.863363 -0.462826
