F4_KNU1_A -25.8025 117.67 -56.2791
F4_KNU1_B -29.6671 141.407 -21.8962
F4_KNU2_A -22.2975 99.9065 -71.4258
F4_KNU3_A -19.3661 85.9793 -80.1369
F3_KNU1_A -18.4078 166.831 -63.78
F3_KNU1_B -9.00566 147.749 -21.7856
F3_KNU2_A -23.9018 176.099 -89.3772
F3_KNU3_A -27.4868 181.101 -106.668
F1_KNU1_A 32.3789 165.379 -41.057
F1_KNU1_B 32.797 146.143 -12.3803
F1_KNU2_A 31.8567 174.737 -57.7016
F1_KNU3_A 31.1825 181.99 -72.8784
F2_KNU1_A 7.44072 172.136 -53.8002
F2_KNU1_B 12.6455 149.412 -16.9129
F2_KNU2_A 4.14004 185.117 -77.3069
F2_KNU3_A 1.87526 193.217 -93.5007
TH_KNU1_A -43.1269 112.666 8.75746
TH_KNU1_B -14.2981 99.7186 45.8794
TH_KNU2_A -57.6798 121.112 -19.9781
TH_KNU3_A -71.2109 127.182 -37.3707
PALM_POSITION -2.37582 133.957 -1.94108
PALM_NORMAL 0.169082 -0.875624 -0.452432
