F4_KNU1_A -35.3834 139.679 -62.8969
F4_KNU1_B -30.471 137.979 -21.2609
F4_KNU2_A -37.9806 138.402 -86.3249
F4_KNU3_A -39.7182 136.329 -102.791
F3_KNU1_A -9.28729 146.047 -69.4983
F3_KNU1_B -9.10851 140.927 -22.703
F3_KNU2_A -9.67929 146.835 -97.2568
F3_KNU3_A -10.0834 146.213 -115.595
F1_KNU1_A 33.5177 152.196 -44.2681
F1_KNU1_B 32.4436 133.271 -15.4015
F1_KNU2_A 33.5887 161.477 -60.9636
F1_KNU3_A 33.2555 168.719 -76.1568
F2_KNU1_A 11.8431 160.557 -57.2685
F2_KNU1_B 12.8019 139.419 -19.1058
F2_KNU2_A 10.9128 172.279 -81.635
F2_KNU3_A 10.0918 179.358 -98.4336
TH_KNU1_A -45.1717 110.053 9.96602
TH_KNU1_B -17.5248 98.8843 48.5364
TH_KNU2_A -59.0014 116.161 -19.7036
TH_KNU3_A -73.3557 121.801 -36.5734
PALM_POSITION -3.46563 127.578 -2.25967
PALM_NORMAL 0.00146739 -0.919045 -0.394149
