F4_KNU1_A -36.5215 145.599 -60.9201
F4_KNU1_B -29.8744 137.081 -20.3758
F4_KNU2_A -40.2402 149.385 -83.9218
F4_KNU3_A -42.8536 151.493 -100.267
F3_KNU1_A -8.09392 137.788 -69.2103
F3_KNU1_B -8.46034 139.397 -22.1644
F3_KNU2_A -8.27229 134.467 -96.7829
F3_KNU3_A -8.58174 131.128 -114.827
F1_KNU1_A 34.8453 148.216 -44.9789
F1_KNU1_B 32.9606 130.729 -15.2596
F1_KNU2_A 35.344 156.722 -62.0755
F1_KNU3_A 35.3721 163.306 -77.5689
F2_KNU1_A 13.6269 156.013 -58.2723
F2_KNU1_B 13.4477 137.349 -18.8292
F2_KNU2_A 13.3726 166.198 -83.336
F2_KNU3_A 12.9913 172.251 -100.546
TH_KNU1_A -44.6344 109.941 11.3438
TH_KNU1_B -17.0488 99.0815 50.046
TH_KNU2_A -57.5041 115.275 -18.9015
TH_KNU3_A -71.2832 120.657 -36.326
PALM_POSITION -2.90649 126.318 -1.52309
PALM_NORMAL -0.0295745 -0.926635 -0.374798
