F4_KNU1_A -34.5403 149.7 -58.6924
F4_KNU1_B -28.1042 135.122 -19.877
F4_KNU2_A -38.1288 155.729 -81.2315
F4_KNU3_A -40.6274 158.654 -97.4686
F3_KNU1_A -6.58731 123.968 -66.1866
F3_KNU1_B -6.68297 137.694 -21.1573
F3_KNU2_A -7.24845 111.517 -91.003
F3_KNU3_A -8.00272 101.458 -106.335
F1_KNU1_A 36.5558 146.025 -43.1315
F1_KNU1_B 34.6328 130.141 -12.5278
F1_KNU2_A 37.1414 153.675 -60.625
F1_KNU3_A 37.2961 159.536 -76.4052
F2_KNU1_A 16.1702 150.791 -58.1727
F2_KNU1_B 15.1407 136.213 -17.0566
F2_KNU2_A 16.3989 158.002 -84.2483
F2_KNU3_A 16.3203 161.808 -102.095
TH_KNU1_A -43.5895 111.006 13.3347
TH_KNU1_B -16.8757 101.464 52.9843
TH_KNU2_A -55.831 115.34 -17.3282
TH_KNU3_A -69.3082 120.161 -35.1489
PALM_POSITION -1.56879 125.921 0.36529
PALM_NORMAL -0.00394196 -0.947051 -0.32106
