F4_KNU1_A -36.6042 143.19 -60.2775
F4_KNU1_B -29.3848 131.703 -20.5722
F4_KNU2_A -40.0431 145.678 -83.4988
F4_KNU3_A -42.0673 145.144 -100.054
F3_KNU1_A -8.65701 136.035 -67.3739
F3_KNU1_B -8.26624 136.293 -20.3013
F3_KNU2_A -9.02593 131.852 -94.827
F3_KNU3_A -9.33234 127.206 -112.58
F1_KNU1_A 33.9826 138.619 -44.2284
F1_KNU1_B 33.1702 131.244 -10.5015
F1_KNU2_A 33.8854 140.762 -63.2098
F1_KNU3_A 33.4397 141.357 -80.0276
F2_KNU1_A 18.071 133.462 -58.5384
F2_KNU1_B 13.4043 136.164 -15.2365
F2_KNU2_A 20.25 127.616 -84.8642
F2_KNU3_A 21.3583 121.748 -102.107
TH_KNU1_A -45.7035 104.029 10.1289
TH_KNU1_B -18.1624 89.2581 47.5462
TH_KNU2_A -59.7534 113.345 -18.5883
TH_KNU3_A -74.0357 120.445 -34.9607
PALM_POSITION -2.991 122.106 -0.328907
PALM_NORMAL 0.0990784 -0.889256 -0.446551
