F4_KNU1_A -39.4945 141.552 -57.9686
F4_KNU1_B -31.3897 132.059 -17.9092
F4_KNU2_A -43.8693 145.518 -80.8243
F4_KNU3_A -46.8517 147.553 -97.1156
F3_KNU1_A -12.203 144.878 -64.1244
F3_KNU1_B -10.1673 136.149 -17.9105
F3_KNU2_A -13.4826 148.663 -91.6078
F3_KNU3_A -14.3664 150.473 -109.85
F1_KNU1_A 31.3257 137.77 -42.5975
F1_KNU1_B 31.3018 129.915 -8.96912
F1_KNU2_A 30.7481 140.202 -61.5354
F1_KNU3_A 29.854 141.07 -78.3235
F2_KNU1_A 15.4201 125.891 -55.651
F2_KNU1_B 11.5785 135.401 -13.2373
F2_KNU2_A 16.7432 115.53 -80.6086
F2_KNU3_A 17.149 106.673 -96.5579
TH_KNU1_A -47.3391 103.091 11.6619
TH_KNU1_B -19.9947 87.7941 49.0123
TH_KNU2_A -61.6326 112.768 -16.8145
TH_KNU3_A -76.4233 120.208 -32.5732
PALM_POSITION -4.88335 121.385 1.63585
PALM_NORMAL 0.0703393 -0.880703 -0.468416
