F4_KNU1_A -40.2497 140.982 -57.1487
F4_KNU1_B -31.2356 130.492 -17.5346
F4_KNU2_A -45.1819 145.795 -79.7263
F4_KNU3_A -48.5843 148.579 -95.8236
F3_KNU1_A -11.7128 144.739 -63.4897
F3_KNU1_B -10.0329 134.684 -17.5318
F3_KNU2_A -12.783 149.207 -90.8793
F3_KNU3_A -13.5298 151.397 -109.086
F1_KNU1_A 31.4811 138.814 -41.1181
F1_KNU1_B 31.3879 129.03 -7.99955
F1_KNU2_A 30.5484 140.895 -60.0836
F1_KNU3_A 29.0749 140.415 -76.8465
F2_KNU1_A 13.7149 114.095 -51.3096
F2_KNU1_B 11.6762 134.237 -12.6535
F2_KNU2_A 13.4837 96.3829 -71.7597
F2_KNU3_A 12.7229 82.6387 -83.7388
TH_KNU1_A -47.2508 103.231 13.2419
TH_KNU1_B -20.2001 89.1001 51.2595
TH_KNU2_A -61.8231 112.119 -15.3502
TH_KNU3_A -76.3211 119.045 -31.6071
PALM_POSITION -4.8456 120.769 2.65374
PALM_NORMAL 0.078301 -0.899032 -0.430825
