F4_KNU1_A -55.979 152.816 -52.3948
F4_KNU1_B -51.0138 159.712 -10.281
F4_KNU2_A -58.6217 142.731 -74.2011
F4_KNU3_A -60.335 132.829 -88.0189
F3_KNU1_A -33.5485 181.182 -56.8108
F3_KNU1_B -29.1241 161.204 -13.1694
F3_KNU2_A -37.4587 187.37 -84.2888
F3_KNU3_A -40.6859 188.154 -102.785
F1_KNU1_A 15.2524 165.326 -40.1819
F1_KNU1_B 13.1949 150.694 -8.05793
F1_KNU2_A 14.3085 169.216 -59.3268
F1_KNU3_A 11.982 169.381 -76.4051
F2_KNU1_A -7.59357 177.845 -50.9455
F2_KNU1_B -6.65449 158.238 -10.809
F2_KNU2_A -9.70405 185.194 -77.5715
F2_KNU3_A -11.97 187.221 -96.0065
TH_KNU1_A -66.6627 137.888 25.9636
TH_KNU1_B -35.9916 120.707 61.4018
TH_KNU2_A -82.0519 147.305 -2.9674
TH_KNU3_A -93.7277 154.243 -22.0269
PALM_POSITION -22.9651 147.712 7.76872
PALM_NORMAL -0.0838349 -0.92676 -0.366178
