F4_KNU1_A -39.0733 137.062 -57.6191
F4_KNU1_B -29.8254 126.614 -18.0475
F4_KNU2_A -44.023 141.524 -80.2648
F4_KNU3_A -47.3676 143.864 -96.4446
F3_KNU1_A -10.5982 141.627 -63.7646
F3_KNU1_B -8.8633 131.87 -17.7445
F3_KNU2_A -11.6201 145.101 -91.2999
F3_KNU3_A -12.2914 146.197 -109.608
F1_KNU1_A 32.2082 133.758 -41.4562
F1_KNU1_B 32.5938 128.517 -7.32479
F1_KNU2_A 30.1468 128.519 -59.7098
F1_KNU3_A 27.3342 119.093 -73.3718
F2_KNU1_A 14.1206 105.584 -46.6784
F2_KNU1_B 12.7411 132.622 -12.4563
F2_KNU2_A 13.1148 82.1248 -60.1186
F2_KNU3_A 11.7723 64.7828 -65.635
TH_KNU1_A -45.9918 101.088 14.3182
TH_KNU1_B -18.0819 87.2902 51.8336
TH_KNU2_A -60.711 109.859 -14.2347
TH_KNU3_A -74.7642 116.448 -31.0143
PALM_POSITION -3.38253 118.664 2.83508
PALM_NORMAL 0.131641 -0.902805 -0.409407
