F4_KNU1_A -41.0789 137.137 -58.356
F4_KNU1_B -31.6779 126.438 -18.8877
F4_KNU2_A -46.099 141.626 -80.981
F4_KNU3_A -49.4823 143.916 -97.1598
F3_KNU1_A -12.7539 141.746 -64.5374
F3_KNU1_B -10.7034 131.646 -18.6046
F3_KNU2_A -13.967 145.21 -92.0663
F3_KNU3_A -14.7658 146.184 -110.376
F1_KNU1_A 30.8373 134.537 -42.1795
F1_KNU1_B 30.7576 128.189 -8.23455
F1_KNU2_A 28.9493 129.785 -60.5846
F1_KNU3_A 26.2091 120.61 -74.4308
F2_KNU1_A 12.6544 107.313 -49.0411
F2_KNU1_B 10.9087 132.344 -13.3405
F2_KNU2_A 11.8107 84.5094 -63.5763
F2_KNU3_A 10.5289 67.3724 -69.713
TH_KNU1_A -47.9091 101.149 13.5929
TH_KNU1_B -19.946 87.0354 50.951
TH_KNU2_A -62.7317 110.141 -14.8375
TH_KNU3_A -76.7525 116.871 -31.5878
PALM_POSITION -5.22977 118.411 1.95894
PALM_NORMAL 0.129089 -0.902803 -0.410222
