F4_KNU1_A -43.7151 139.294 -58.9617
F4_KNU1_B -34.163 129.075 -19.4027
F4_KNU2_A -48.7994 143.123 -81.6934
F4_KNU3_A -52.2143 144.749 -97.9458
F3_KNU1_A -15.479 144.259 -65.1317
F3_KNU1_B -13.0093 133.507 -19.3678
F3_KNU2_A -17.0445 147.944 -92.6141
F3_KNU3_A -18.1279 148.996 -110.905
F1_KNU1_A 29.4276 137.81 -43.3728
F1_KNU1_B 28.529 127.992 -10.2765
F1_KNU2_A 27.998 136.573 -62.3811
F1_KNU3_A 25.543 131.05 -78.0934
F2_KNU1_A 12.4203 124.441 -57.2321
F2_KNU1_B 8.73228 133.135 -14.63
F2_KNU2_A 13.0896 111.576 -81.0233
F2_KNU3_A 12.7884 99.9546 -95.0888
TH_KNU1_A -50.127 101.679 11.2773
TH_KNU1_B -22.249 85.3703 47.7956
TH_KNU2_A -65.2723 112.214 -16.4444
TH_KNU3_A -79.9803 120.049 -32.0885
PALM_POSITION -7.54445 118.938 0.275103
PALM_NORMAL 0.0858512 -0.882029 -0.463307
