F4_KNU1_A -46.9214 140.689 -53.4211
F4_KNU1_B -36.9749 129.353 -14.2658
F4_KNU2_A -52.7852 145.355 -75.806
F4_KNU3_A -57.0673 147.655 -91.769
F3_KNU1_A -19.2995 144.693 -60.2662
F3_KNU1_B -15.5031 128.084 -16.3823
F3_KNU2_A -22.0203 153.171 -86.5727
F3_KNU3_A -24.0819 158.026 -104.151
F1_KNU1_A 26.9918 102.515 -42.2259
F1_KNU1_B 24.0923 113.141 -9.49612
F1_KNU2_A 24.8523 92.472 -58.3333
F1_KNU3_A 20.8146 81.6012 -70.5365
F2_KNU1_A 6.35153 134.802 -55.0896
F2_KNU1_B 5.84312 122.667 -13.1778
F2_KNU2_A 6.01511 140.813 -81.4664
F2_KNU3_A 5.42678 144.015 -99.4214
TH_KNU1_A -54.3827 104.894 17.7381
TH_KNU1_B -29.1962 93.0201 57.7558
TH_KNU2_A -68.2319 111.062 -11.91
TH_KNU3_A -81.6429 117.572 -29.2366
PALM_POSITION -11.7657 115.231 4.80225
PALM_NORMAL -0.18543 -0.925668 -0.329779
