F4_KNU1_A -48.0878 139.253 -53.7351
F4_KNU1_B -38.039 126.442 -15.0637
F4_KNU2_A -53.9579 144.451 -76.0008
F4_KNU3_A -58.2104 146.919 -91.9467
F3_KNU1_A -20.1758 143.52 -60.3678
F3_KNU1_B -16.4838 126.47 -16.6447
F3_KNU2_A -22.8191 151.997 -86.6826
F3_KNU3_A -24.8227 156.69 -104.312
F1_KNU1_A 24.2468 96.868 -38.2439
F1_KNU1_B 23.7817 114.25 -8.40733
F1_KNU2_A 18.8027 82.0358 -48.9797
F1_KNU3_A 11.4272 67.7445 -53.9553
F2_KNU1_A 5.23112 135.151 -54.5508
F2_KNU1_B 5.07195 122.5 -12.7891
F2_KNU2_A 4.57298 140.855 -80.9896
F2_KNU3_A 3.70708 143.48 -99.0268
TH_KNU1_A -55.8925 105.857 19.1278
TH_KNU1_B -29.8097 92.6974 58.157
TH_KNU2_A -69.6653 112.745 -10.3972
TH_KNU3_A -82.6684 119.317 -28.0087
PALM_POSITION -12.4821 114.474 4.98991
PALM_NORMAL -0.119104 -0.944362 -0.306585
