F4_KNU1_A -49.8533 132.536 -58.9587
F4_KNU1_B -39.7164 119.452 -20.4018
F4_KNU2_A -55.3966 136.263 -81.6
F4_KNU3_A -59.1449 136.702 -97.8543
F3_KNU1_A -21.0673 138.6 -66.5608
F3_KNU1_B -18.4294 122.645 -22.3509
F3_KNU2_A -23.1616 143.715 -93.7778
F3_KNU3_A -24.8173 144.633 -112.033
F1_KNU1_A 32.3003 115.59 -48.6709
F1_KNU1_B 23.3494 116.041 -15.3206
F1_KNU2_A 34.7299 110.055 -66.7914
F1_KNU3_A 35.0613 101.965 -81.5508
F2_KNU1_A 4.68995 131.962 -61.4254
F2_KNU1_B 3.55553 121.674 -19.0345
F2_KNU2_A 4.4112 133.322 -88.445
F2_KNU3_A 3.68974 131.462 -106.583
TH_KNU1_A -55.4124 95.5659 14.7102
TH_KNU1_B -25.0608 84.4514 51.2069
TH_KNU2_A -71.2855 101.576 -13.9389
TH_KNU3_A -86.5322 107.113 -30.0426
PALM_POSITION -12.2555 110.526 -1.30352
PALM_NORMAL 0.0103093 -0.939163 -0.343317
