F4_KNU1_A -38.6264 141.563 -68.5684
F4_KNU1_B -34.8046 130.115 -28.3826
F4_KNU2_A -41.7586 146.39 -91.4623
F4_KNU3_A -44.5374 148.84 -107.733
F3_KNU1_A -11.7078 130.751 -77.1694
F3_KNU1_B -15.4897 120.865 -31.2998
F3_KNU2_A -10.6187 135.254 -104.553
F3_KNU3_A -10.538 137.479 -122.77
F1_KNU1_A 24.1334 93.704 -58.267
F1_KNU1_B 16.4404 93.0409 -24.6078
F1_KNU2_A 26.5795 92.7469 -77.1877
F1_KNU3_A 27.4156 90.963 -93.9063
F2_KNU1_A 8.06508 114.663 -71.3025
F2_KNU1_B 2.63706 108.266 -28.4803
F2_KNU2_A 9.99792 117.173 -98.1715
F2_KNU3_A 10.4903 118.04 -116.392
TH_KNU1_A -58.307 125.925 12.9659
TH_KNU1_B -34.9118 99.6467 46.7132
TH_KNU2_A -72.3986 140.885 -13.2347
TH_KNU3_A -83.1404 152.839 -29.4881
PALM_POSITION -14.9585 109.363 -9.0422
PALM_NORMAL -0.533521 -0.816738 -0.219761
