F4_KNU1_A -53.5504 146.165 -52.648
F4_KNU1_B -50.5072 154.667 -10.6453
F4_KNU2_A -54.8911 136.819 -74.8979
F4_KNU3_A -55.6376 128.151 -89.6029
F3_KNU1_A -34.3609 176.655 -56.5397
F3_KNU1_B -28.6627 157.597 -12.6354
F3_KNU2_A -38.3687 183.754 -83.7826
F3_KNU3_A -41.3275 186.052 -102.197
F1_KNU1_A 14.9985 167.089 -36.8913
F1_KNU1_B 14.0152 149.556 -6.20086
F1_KNU2_A 14.3652 174.044 -55.1606
F1_KNU3_A 12.9425 178 -71.8771
F2_KNU1_A -8.8592 176.497 -49.0751
F2_KNU1_B -6.1537 155.947 -9.49382
F2_KNU2_A -11.3928 185.783 -75.0511
F2_KNU3_A -13.5689 189.96 -93.1316
TH_KNU1_A -66.3038 130.08 24.1795
TH_KNU1_B -35.7206 114.368 60.3678
TH_KNU2_A -82.268 139.302 -4.5015
TH_KNU3_A -95.0593 146.208 -22.8433
PALM_POSITION -22.4454 143.842 8.11311
PALM_NORMAL -0.011898 -0.917862 -0.396722
