F4_KNU1_A -38.4591 144.239 -70.1474
F4_KNU1_B -31.8899 130.573 -31.0235
F4_KNU2_A -42.9913 149.466 -92.7169
F4_KNU3_A -46.6548 151.682 -108.845
F3_KNU1_A -9.22228 140.404 -77.1879
F3_KNU1_B -10.8919 125.674 -32.5081
F3_KNU2_A -9.7787 146.257 -104.331
F3_KNU3_A -11.0017 148.501 -122.505
F1_KNU1_A 32.0377 112.989 -56.8687
F1_KNU1_B 25.5057 104.668 -23.9953
F1_KNU2_A 33.8973 115.606 -75.6991
F1_KNU3_A 34.246 116.445 -92.5088
F2_KNU1_A 14.0021 127.921 -70.4778
F2_KNU1_B 9.18091 116.928 -28.525
F2_KNU2_A 15.435 132.28 -97.141
F2_KNU3_A 15.5194 133.814 -115.324
TH_KNU1_A -57.6046 119.715 8.30867
TH_KNU1_B -31.7598 96.4744 42.4946
TH_KNU2_A -74.1836 134.666 -16.3991
TH_KNU3_A -85.7071 145.051 -33.1859
PALM_POSITION -9.78642 113.268 -10.7628
PALM_NORMAL -0.33048 -0.894954 -0.299733
