F4_KNU1_A -42.757 128.762 -69.3222
F4_KNU1_B -34.2449 120.512 -29.0724
F4_KNU2_A -47.6793 130.29 -92.3587
F4_KNU3_A -51.1902 129.554 -108.655
F3_KNU1_A -14.7481 133.892 -75.9314
F3_KNU1_B -12.7026 121.36 -30.6015
F3_KNU2_A -16.647 138.24 -103.296
F3_KNU3_A -18.2738 139.39 -121.54
F1_KNU1_A 31.5899 120.491 -54.809
F1_KNU1_B 27.9957 111.17 -21.7522
F1_KNU2_A 32.5818 123.584 -73.6331
F1_KNU3_A 32.7242 124.782 -90.4241
F2_KNU1_A 10.7417 129.463 -68.7145
F2_KNU1_B 8.98165 118.448 -26.5279
F2_KNU2_A 11.0959 133.844 -95.4101
F2_KNU3_A 10.9179 135.399 -113.591
TH_KNU1_A -55.6889 104.14 10.3373
TH_KNU1_B -24.9425 90.2903 45.5454
TH_KNU2_A -73.7506 112.114 -16.4777
TH_KNU3_A -88.0542 118.551 -33.1037
PALM_POSITION -8.3021 110.473 -8.46368
PALM_NORMAL -0.0789991 -0.960687 -0.266158
