F4_KNU1_A -43.291 115.825 -70.1954
F4_KNU1_B -35.1551 111.797 -29.23
F4_KNU2_A -47.2841 114.735 -93.4357
F4_KNU3_A -49.7256 112.038 -109.721
F3_KNU1_A -17.5681 126.493 -76.6019
F3_KNU1_B -14.2424 117.08 -30.5978
F3_KNU2_A -19.5526 128.822 -104.205
F3_KNU3_A -20.8626 128.552 -122.51
F1_KNU1_A 29.2707 125.729 -53.9252
F1_KNU1_B 27.4875 116.19 -20.7831
F1_KNU2_A 29.7221 128.737 -72.7836
F1_KNU3_A 29.7225 129.691 -89.5909
F2_KNU1_A 7.47003 128.967 -68.6436
F2_KNU1_B 7.47713 119.028 -26.1541
F2_KNU2_A 7.25498 132.396 -95.4797
F2_KNU3_A 6.99142 133.136 -113.711
TH_KNU1_A -52.2725 93.9978 9.8498
TH_KNU1_B -21.3311 88.3194 47.0942
TH_KNU2_A -67.6712 96.1945 -19.5935
TH_KNU3_A -83.0054 99.1102 -36.2912
PALM_POSITION -8.13428 108.586 -7.82702
PALM_NORMAL 0.130074 -0.968792 -0.211003
