F4_KNU1_A -41.3488 106.78 -72.9827
F4_KNU1_B -34.517 106.629 -31.5837
F4_KNU2_A -43.6112 103.862 -96.2981
F4_KNU3_A -44.2631 100.079 -112.537
F3_KNU1_A -20.3909 124.572 -79.3903
F3_KNU1_B -16.2329 118.072 -32.9521
F3_KNU2_A -21.8986 125.469 -107.107
F3_KNU3_A -22.3539 124.405 -125.424
F1_KNU1_A 22.6747 139.663 -55.6932
F1_KNU1_B 23.2585 130.925 -22.2884
F1_KNU2_A 22.5623 142.199 -74.6259
F1_KNU3_A 22.6211 142.699 -91.4527
F2_KNU1_A 1.56073 135.217 -71.0596
F2_KNU1_B 3.60261 127.002 -28.2522
F2_KNU2_A 0.942334 137.693 -97.9941
F2_KNU3_A 0.901302 137.844 -116.241
TH_KNU1_A -46.5806 88.5296 7.9264
TH_KNU1_B -17.3735 93.886 46.5918
TH_KNU2_A -59.0667 84.8179 -22.7196
TH_KNU3_A -73.0914 82.3155 -40.594
PALM_POSITION -8.77222 113.478 -9.47431
PALM_NORMAL 0.432807 -0.891722 -0.132323
