F4_KNU1_A -34.5309 101.58 -75.0836
F4_KNU1_B -28.0097 100.948 -33.639
F4_KNU2_A -35.0683 99.2136 -98.5645
F4_KNU3_A -33.5798 95.9643 -114.864
F3_KNU1_A -21.8328 124.612 -81.1594
F3_KNU1_B -15.1489 118.266 -34.9956
F3_KNU2_A -23.464 125.532 -108.869
F3_KNU3_A -23.2103 124.523 -127.192
F1_KNU1_A 11.0877 155.592 -56.4922
F1_KNU1_B 16.8824 144.667 -24.2489
F1_KNU2_A 9.00568 159.381 -75.0986
F1_KNU3_A 8.06472 160.932 -91.8349
F2_KNU1_A -5.57487 143.302 -72.4896
F2_KNU1_B 0.0411264 133.828 -30.266
F2_KNU2_A -7.07356 146.398 -99.3252
F2_KNU3_A -6.90648 146.828 -117.567
TH_KNU1_A -34.0931 81.1816 6.20923
TH_KNU1_B -7.80832 95.5825 44.6603
TH_KNU2_A -44.4968 74.2083 -24.6451
TH_KNU3_A -53.2193 68.8052 -45.0699
PALM_POSITION -6.64928 116.783 -11.4683
PALM_NORMAL 0.728797 -0.672966 -0.12638
