F4_KNU1_A -46.4338 126.067 -70.2927
F4_KNU1_B -39.9026 132.993 -29.4277
F4_KNU2_A -49.7025 118.249 -92.3255
F4_KNU3_A -51.7092 110.451 -106.941
F3_KNU1_A -19.1459 128.179 -78.831
F3_KNU1_B -18.7547 136.266 -32.4576
F3_KNU2_A -19.6493 118.076 -104.696
F3_KNU3_A -20.1276 108.558 -120.381
F1_KNU1_A 29.5781 132.112 -55.4104
F1_KNU1_B 22.8076 138.373 -22.1308
F1_KNU2_A 32.1024 124.312 -72.6638
F1_KNU3_A 33.3151 114.525 -86.3073
F2_KNU1_A 7.02189 129.415 -71.1077
F2_KNU1_B 2.99604 139.202 -28.774
F2_KNU2_A 8.77565 117.339 -95.2546
F2_KNU3_A 9.4808 106.107 -109.619
TH_KNU1_A -58.4169 137.118 12.7922
TH_KNU1_B -27.8065 146.489 49.5608
TH_KNU2_A -76.0598 128.528 -14.1114
TH_KNU3_A -92.1255 125.469 -30.0794
PALM_POSITION -13.2343 138.893 -8.15535
PALM_NORMAL 0.086167 -0.962279 0.258059
