F4_KNU1_A -47.6676 123.101 -60.5505
F4_KNU1_B -39.9334 148.75 -28.2572
F4_KNU2_A -52.0104 104.822 -74.8432
F4_KNU3_A -54.952 90.1778 -82.2815
F3_KNU1_A -17.2516 119.881 -67.3884
F3_KNU1_B -18.4172 148.849 -30.3001
F3_KNU2_A -17.848 97.6846 -84.0704
F3_KNU3_A -18.9284 80.9969 -91.6329
F1_KNU1_A 31.1812 131.98 -45.3258
F1_KNU1_B 22.4974 150.649 -17.6015
F1_KNU2_A 34.2537 118.246 -58.2419
F1_KNU3_A 35.5605 104.141 -67.3372
F2_KNU1_A 8.68799 123.362 -59.3009
F2_KNU1_B 3.29865 150.905 -25.8876
F2_KNU2_A 10.1611 101.262 -74.8377
F2_KNU3_A 10.0551 84.4057 -81.8261
TH_KNU1_A -63.2661 169.825 10.727
TH_KNU1_B -30.6001 187.655 42.2195
TH_KNU2_A -84.5931 156.524 -11.1157
TH_KNU3_A -102.462 151.708 -24.5302
PALM_POSITION -13.938 159.232 -7.93727
PALM_NORMAL -0.0396471 -0.816638 0.575787
