F4_KNU1_A -49.8652 128.697 -55.3583
F4_KNU1_B -41.7413 156.863 -25.3372
F4_KNU2_A -53.8289 108.325 -66.6058
F4_KNU3_A -56.0792 92.3081 -70.7087
F3_KNU1_A -19.1876 127.888 -64.5626
F3_KNU1_B -20.3803 158.024 -28.4175
F3_KNU2_A -19.3616 104.44 -79.4449
F3_KNU3_A -19.956 86.9478 -84.9674
F1_KNU1_A 30.6612 143.844 -44.9952
F1_KNU1_B 20.8942 162.788 -17.8238
F1_KNU2_A 34.5064 129.574 -57.0981
F1_KNU3_A 36.5435 114.844 -64.9901
F2_KNU1_A 7.02267 133.017 -57.7312
F2_KNU1_B 1.35844 161.517 -25.1761
F2_KNU2_A 9.04809 109.994 -71.7949
F2_KNU3_A 9.48193 92.5602 -77.1674
TH_KNU1_A -66.3998 181.477 13.954
TH_KNU1_B -31.4905 200.19 42.3781
TH_KNU2_A -87.4938 165.684 -6.40454
TH_KNU3_A -105.48 159.101 -18.8789
PALM_POSITION -15.5013 169.9 -6.89698
PALM_NORMAL 0.0333101 -0.783296 0.620756
