F4_KNU1_A -44.6123 133.043 -61.1819
F4_KNU1_B -38.9499 156.734 -27.0175
F4_KNU2_A -47.3082 114.56 -75.6169
F4_KNU3_A -48.7969 99.3498 -82.3161
F3_KNU1_A -14.7111 133.063 -68.8494
F3_KNU1_B -17.5465 158.577 -29.39
F3_KNU2_A -13.9873 111.44 -86.2633
F3_KNU3_A -14.0757 94.6144 -93.5937
F1_KNU1_A 33.8836 147.462 -46.3568
F1_KNU1_B 23.3619 162.793 -17.2567
F1_KNU2_A 38.1118 134.742 -59.9657
F1_KNU3_A 40.4278 120.993 -69.3994
F2_KNU1_A 10.6892 138.538 -61.3751
F2_KNU1_B 4.03729 162.036 -25.213
F2_KNU2_A 13.2958 117.715 -78.451
F2_KNU3_A 14.0638 101.16 -86.0889
TH_KNU1_A -64.7304 175.759 14.1416
TH_KNU1_B -31.1628 192.385 45.3433
TH_KNU2_A -83.2436 160.244 -8.78014
TH_KNU3_A -100.891 154.775 -22.2377
PALM_POSITION -13.4154 168.051 -6.56155
PALM_NORMAL 0.0331419 -0.847102 0.530395
