F4_KNU1_A -18.3557 192.677 -55.1067
F4_KNU1_B -19.8285 161.319 -27.2666
F4_KNU2_A -19.5119 208.322 -72.7457
F4_KNU3_A -21.6273 217.847 -86.2827
F3_KNU1_A 9.38691 184.201 -67.0636
F3_KNU1_B -0.865499 152.947 -33.3862
F3_KNU2_A 12.8837 200.629 -89.1812
F3_KNU3_A 13.5572 210.028 -104.931
F1_KNU1_A 45.6459 141.876 -60.8869
F1_KNU1_B 31.2231 124.539 -34.734
F1_KNU2_A 51.3746 150.242 -77.0762
F1_KNU3_A 54.4691 156.443 -92.4179
F2_KNU1_A 29.0883 168.036 -65.9
F2_KNU1_B 17.3072 140.147 -34.4751
F2_KNU2_A 33.9775 183.704 -87.4085
F2_KNU3_A 35.6867 193.071 -102.975
TH_KNU1_A -40.5489 152.008 18.893
TH_KNU1_B -14.65 116.561 40.0949
TH_KNU2_A -56.2165 173.383 -1.26858
TH_KNU3_A -67.7022 189.078 -13.2758
PALM_POSITION 1.20876 137.262 -13.9527
PALM_NORMAL -0.555573 -0.760086 -0.337058
