F4_KNU1_A 0.170866 188.824 -61.2891
F4_KNU1_B -6.42121 163.199 -28.7243
F4_KNU2_A 0.599185 201.706 -81.0657
F4_KNU3_A -1.25299 209.585 -95.6578
F3_KNU1_A 21.4213 168.862 -74.7744
F3_KNU1_B 7.06144 147.634 -35.2874
F3_KNU2_A 25.8586 180.022 -99.8156
F3_KNU3_A 26.2192 186.369 -117.032
F1_KNU1_A 40.2723 117.633 -65.6369
F1_KNU1_B 26.0157 109.173 -35.3426
F1_KNU2_A 44.7165 121.762 -83.7502
F1_KNU3_A 45.7217 124.834 -100.271
F2_KNU1_A 34.9075 146.176 -72.8701
F2_KNU1_B 18.9459 128.837 -36.1451
F2_KNU2_A 41.2277 155.975 -97.2835
F2_KNU3_A 43.1367 161.847 -114.455
TH_KNU1_A -21.7964 167.071 19.3271
TH_KNU1_B -8.03108 127.282 43.9054
TH_KNU2_A -31.2284 191.999 -0.635139
TH_KNU3_A -37.7037 209.892 -13.2982
PALM_POSITION 6.12037 134.505 -13.9633
PALM_NORMAL -0.837542 -0.522226 -0.160633
