F4_KNU1_A 1.08731 188.066 -60.7941
F4_KNU1_B -4.48513 162.844 -27.728
F4_KNU2_A 0.927448 200.626 -80.7804
F4_KNU3_A -1.33138 208.225 -95.4639
F3_KNU1_A 22.7948 168.096 -74.0855
F3_KNU1_B 9.17353 147.347 -34.0856
F3_KNU2_A 26.7975 178.884 -99.3621
F3_KNU3_A 26.8858 184.938 -116.688
F1_KNU1_A 42.5252 117.736 -64.0096
F1_KNU1_B 28.5875 109.119 -33.6112
F1_KNU2_A 46.8211 121.913 -82.1477
F1_KNU3_A 47.7266 124.996 -98.6724
F2_KNU1_A 36.3682 145.524 -72.0105
F2_KNU1_B 21.2813 128.684 -34.6888
F2_KNU2_A 42.1322 154.922 -96.7174
F2_KNU3_A 43.6753 160.474 -114.031
TH_KNU1_A -20.0583 166.563 19.3926
TH_KNU1_B -5.55739 127.974 45.4202
TH_KNU2_A -29.9677 191.389 -0.46414
TH_KNU3_A -36.772 209.145 -13.1482
PALM_POSITION 8.42133 134.52 -12.5709
PALM_NORMAL -0.831455 -0.534502 -0.151624
