F4_KNU1_A -54.9504 164.559 -53.1459
F4_KNU1_B -49.5101 152.214 -12.3566
F4_KNU2_A -58.0799 170.421 -76.3847
F4_KNU3_A -60.3288 173.923 -92.9557
F3_KNU1_A -26.7508 155.11 -63.1548
F3_KNU1_B -27.5607 153.2 -14.9991
F3_KNU2_A -26.8369 153.747 -91.5583
F3_KNU3_A -27.1821 151.576 -110.221
F1_KNU1_A 16.3468 160.187 -39.151
F1_KNU1_B 14.5046 142.33 -8.6875
F1_KNU2_A 16.5669 168.634 -56.7903
F1_KNU3_A 16.1478 174.931 -72.8304
F2_KNU1_A -5.81235 169.489 -52.355
F2_KNU1_B -5.1779 150.019 -12.1458
F2_KNU2_A -6.76593 179.954 -77.9867
F2_KNU3_A -7.73535 186.044 -95.6236
TH_KNU1_A -65.9528 130.966 24.0682
TH_KNU1_B -36.1291 117.028 61.5922
TH_KNU2_A -80.8976 137.91 -5.78045
TH_KNU3_A -94.5874 144.306 -23.6527
PALM_POSITION -21.916 140.8 6.74346
PALM_NORMAL -0.0939622 -0.944278 -0.315451
