F4_KNU1_A -53.4888 139.77 -61.3302
F4_KNU1_B -40.1748 124.485 -24.5924
F4_KNU2_A -59.7969 146.359 -83.1028
F4_KNU3_A -63.4437 149.665 -99.0469
F3_KNU1_A -34.5626 161.986 -61.7939
F3_KNU1_B -22.8008 137.292 -23.4801
F3_KNU2_A -41.143 175.634 -85.0688
F3_KNU3_A -45.2599 184.063 -100.844
F1_KNU1_A 9.87508 175.125 -33.6962
F1_KNU1_B 14.8714 151.643 -8.87284
F1_KNU2_A 7.20903 187.503 -47.999
F1_KNU3_A 4.94537 197.88 -61.0594
F2_KNU1_A -13.6369 172.546 -50.5918
F2_KNU1_B -4.03601 147.026 -16.5224
F2_KNU2_A -19.4211 187.828 -72.1552
F2_KNU3_A -23.2117 197.782 -86.9718
TH_KNU1_A -58.3596 102.984 15.6778
TH_KNU1_B -26.6336 104.141 52.6762
TH_KNU2_A -73.2946 103.105 -14.0844
TH_KNU3_A -90.9646 102.129 -28.5504
PALM_POSITION -16.3726 130.588 -0.205423
PALM_NORMAL 0.508658 -0.837324 -0.200391
