F4_KNU1_A -37.8551 129.048 -67.0759
F4_KNU1_B -27.8755 116.608 -28.2655
F4_KNU2_A -42.0403 134.667 -89.6181
F4_KNU3_A -44.0487 137.715 -105.901
F3_KNU1_A -24.375 154.091 -66.0215
F3_KNU1_B -14.0269 132.928 -25.2648
F3_KNU2_A -30.0468 166.029 -90.4474
F3_KNU3_A -33.5208 173.569 -106.816
F1_KNU1_A 10.9087 176.826 -32.452
F1_KNU1_B 16.9733 155.447 -6.0189
F1_KNU2_A 7.8256 188.145 -47.5277
F1_KNU3_A 5.3394 197.681 -61.1759
F2_KNU1_A -8.57092 168.899 -52.4542
F2_KNU1_B 0.911633 146.662 -16.1266
F2_KNU2_A -14.2388 182.383 -75.2147
F2_KNU3_A -17.9249 191.281 -90.7142
TH_KNU1_A -46.395 93.7095 9.28057
TH_KNU1_B -22.4733 101.148 51.1038
TH_KNU2_A -56.0687 90.8231 -22.4518
TH_KNU3_A -70.5434 86.2544 -39.5415
PALM_POSITION -10.0106 128.224 -0.980836
PALM_NORMAL 0.700574 -0.709138 -0.0794985
