F4_KNU1_A -35.9954 128.421 -67.3822
F4_KNU1_B -26.4585 115.779 -28.5261
F4_KNU2_A -39.8733 134.146 -89.9527
F4_KNU3_A -41.627 137.262 -106.252
F3_KNU1_A -22.7962 153.401 -66.3793
F3_KNU1_B -12.7878 132.25 -25.5322
F3_KNU2_A -28.26 165.342 -90.8509
F3_KNU3_A -31.5919 172.891 -107.245
F1_KNU1_A 12.1854 176.535 -32.7559
F1_KNU1_B 17.9104 155.149 -6.25232
F1_KNU2_A 9.30304 187.86 -47.8665
F1_KNU3_A 7.00448 197.404 -61.5419
F2_KNU1_A -7.28108 168.36 -52.8003
F2_KNU1_B 1.97633 146.166 -16.3877
F2_KNU2_A -12.8196 181.842 -75.5939
F2_KNU3_A -16.4251 190.753 -91.1038
TH_KNU1_A -44.1868 92.8761 8.63667
TH_KNU1_B -21.1917 100.65 50.9161
TH_KNU2_A -54.222 89.4821 -22.9328
TH_KNU3_A -68.3633 84.7021 -40.2424
PALM_POSITION -8.81344 127.671 -1.21732
PALM_NORMAL 0.708044 -0.702233 -0.0744542
