F4_KNU1_A -30.4594 129.281 -66.8704
F4_KNU1_B -23.1654 115.77 -27.8216
F4_KNU2_A -33.3463 135.357 -89.4978
F4_KNU3_A -34.5796 138.627 -105.814
F3_KNU1_A -13.5402 151.405 -67.1482
F3_KNU1_B -7.13069 130.1 -25.6627
F3_KNU2_A -16.9781 163.394 -91.9625
F3_KNU3_A -19.0331 170.948 -108.562
F1_KNU1_A 26.8676 169.788 -35.1523
F1_KNU1_B 26.9603 148.877 -7.66998
F1_KNU2_A 27.1167 180.623 -50.8822
F1_KNU3_A 27.5853 189.541 -65.1523
F2_KNU1_A 4.8115 164.514 -54.3152
F2_KNU1_B 9.69912 141.993 -17.2607
F2_KNU2_A 1.91949 178.214 -77.4652
F2_KNU3_A 0.0582608 187.284 -93.1896
TH_KNU1_A -42.444 97.601 9.78655
TH_KNU1_B -18.9703 103.262 52.1386
TH_KNU2_A -53.8779 94.4664 -21.3309
TH_KNU3_A -68.7056 91.2377 -38.4236
PALM_POSITION -3.50365 125.967 -1.21405
PALM_NORMAL 0.593291 -0.803354 -0.0512568
