F4_KNU1_A -27.0496 135.159 -68.1428
F4_KNU1_B -24.3692 124.036 -27.7737
F4_KNU2_A -27.924 139.337 -91.3596
F4_KNU3_A -28.1237 140.91 -107.971
F3_KNU1_A -2.56766 149.475 -70.3753
F3_KNU1_B -4.26049 131.891 -26.7409
F3_KNU2_A -1.32384 158.376 -96.6535
F3_KNU3_A -0.350839 163.317 -114.302
F1_KNU1_A 42.3005 154.64 -39.8747
F1_KNU1_B 34.5439 139.143 -10.0041
F1_KNU2_A 46.617 161.64 -57.1158
F1_KNU3_A 50.4144 166.469 -72.7891
F2_KNU1_A 20.7506 156.089 -58.5664
F2_KNU1_B 15.8204 137.858 -19.2288
F2_KNU2_A 23.9811 166.09 -83.4966
F2_KNU3_A 26.2658 171.985 -100.614
TH_KNU1_A -48.5481 117.902 11.2219
TH_KNU1_B -23.6804 119.358 53.1294
TH_KNU2_A -61.2907 115.791 -19.4704
TH_KNU3_A -76.4363 116.15 -36.5856
PALM_POSITION -1.96825 129.342 -1.91704
PALM_NORMAL 0.268547 -0.962149 0.0463839
