F4_KNU1_A -28.7045 136.257 -68.2215
F4_KNU1_B -26.8284 127.199 -27.2948
F4_KNU2_A -29.4218 138.552 -91.7048
F4_KNU3_A -29.7013 138.321 -108.388
F3_KNU1_A -1.53133 145.992 -71.5105
F3_KNU1_B -5.68486 131.659 -26.8634
F3_KNU2_A 0.903319 151.556 -98.6105
F3_KNU3_A 2.48519 153.385 -116.804
F1_KNU1_A 44.033 144.414 -41.9838
F1_KNU1_B 34.043 133.375 -10.8242
F1_KNU2_A 49.1918 148.229 -59.9761
F1_KNU3_A 53.3725 149.673 -76.219
F2_KNU1_A 22.8579 148.229 -60.6105
F2_KNU1_B 15.2214 134.657 -19.8477
F2_KNU2_A 27.4845 154.035 -86.6271
F2_KNU3_A 30.5076 156.256 -104.485
TH_KNU1_A -52.1282 127.904 12.8074
TH_KNU1_B -25.6482 127.367 53.7376
TH_KNU2_A -65.6174 126.013 -17.5788
TH_KNU3_A -80.2568 127.476 -35.0716
PALM_POSITION -3.45453 130.27 -1.94211
PALM_NORMAL 0.106672 -0.988773 0.104639
