F4_KNU1_A -51.5127 176.476 -47.696
F4_KNU1_B -48.6957 153.094 -11.7636
F4_KNU2_A -53.4481 187.105 -69.3175
F4_KNU3_A -55.0234 192.908 -85.3098
F3_KNU1_A -26.5373 151.502 -62.3317
F3_KNU1_B -26.6959 153.134 -14.1592
F3_KNU2_A -27.4024 147.001 -90.3962
F3_KNU3_A -28.4476 142.288 -108.558
F1_KNU1_A 16.2915 158.068 -37.9567
F1_KNU1_B 14.8009 140.564 -7.27055
F1_KNU2_A 16.2462 166.326 -55.6869
F1_KNU3_A 15.5447 172.467 -71.7772
F2_KNU1_A -5.46972 167.33 -51.7739
F2_KNU1_B -4.50038 149.042 -11.0203
F2_KNU2_A -6.74264 176.95 -77.7209
F2_KNU3_A -7.98796 182.413 -95.545
TH_KNU1_A -66.2594 133.559 24.7894
TH_KNU1_B -37.6404 118.025 62.6231
TH_KNU2_A -80.9449 141.59 -4.91517
TH_KNU3_A -94.5238 148.958 -22.4948
PALM_POSITION -21.8232 140.698 7.74884
PALM_NORMAL -0.130077 -0.942216 -0.308722
