F4_KNU1_A -42.7626 140.136 -67.1193
F4_KNU1_B -38.195 132.017 -26.2071
F4_KNU2_A -45.6638 140.52 -90.5432
F4_KNU3_A -47.8725 138.061 -106.899
F3_KNU1_A -13.5522 143.876 -72.9255
F3_KNU1_B -16.6193 132.643 -27.3133
F3_KNU2_A -12.6996 145.85 -100.615
F3_KNU3_A -12.7453 144.233 -118.896
F1_KNU1_A 32.8857 134.246 -46.6422
F1_KNU1_B 23.8188 127.534 -14.0032
F1_KNU2_A 36.5407 134.458 -65.3901
F1_KNU3_A 38.5568 131.827 -81.8948
F2_KNU1_A 11.5852 139.995 -64.1693
F2_KNU1_B 4.93017 131.99 -21.793
F2_KNU2_A 14.52 140.188 -91.0641
F2_KNU3_A 15.6989 137.346 -109.051
TH_KNU1_A -60.8916 137.918 16.0568
TH_KNU1_B -31.2847 133.417 54.5268
TH_KNU2_A -77.4168 138.046 -12.8526
TH_KNU3_A -93.2811 141.941 -28.8403
PALM_POSITION -12.9153 131.323 -2.56433
PALM_NORMAL -0.062557 -0.989923 0.127039
