F4_KNU1_A -49.6623 142.871 -65.9256
F4_KNU1_B -41.7283 137.359 -25.0936
F4_KNU2_A -54.9013 140.835 -88.8527
F4_KNU3_A -58.9458 136.175 -104.357
F3_KNU1_A -20.7624 142.67 -74.1016
F3_KNU1_B -20.2665 136.38 -27.4514
F3_KNU2_A -22.8415 140.233 -101.689
F3_KNU3_A -25.2298 134.988 -119.114
F1_KNU1_A 27.8465 131.743 -50.0012
F1_KNU1_B 20.3943 128.368 -16.4505
F1_KNU2_A 29.8337 129.281 -68.8395
F1_KNU3_A 29.8053 123.815 -84.7616
F2_KNU1_A 5.14798 139.109 -66.3781
F2_KNU1_B 1.46203 134.165 -23.1797
F2_KNU2_A 5.43404 136.354 -93.2911
F2_KNU3_A 4.39321 131.012 -110.708
TH_KNU1_A -61.7011 142.826 18.2526
TH_KNU1_B -30.0314 138.707 55.0877
TH_KNU2_A -81.5289 143.842 -8.48092
TH_KNU3_A -98.7018 148.467 -22.8386
PALM_POSITION -15.2309 134.932 -2.94591
PALM_NORMAL -0.127674 -0.981833 0.140369
