F4_KNU1_A -47.614 136.789 -70.3949
F4_KNU1_B -39.136 141.046 -29.5221
F4_KNU2_A -53.0657 129.741 -92.2546
F4_KNU3_A -57.209 122.048 -106.47
F3_KNU1_A -17.8136 134.649 -78.3526
F3_KNU1_B -17.6695 139.538 -31.5324
F3_KNU2_A -19.6053 126.033 -104.694
F3_KNU3_A -21.7425 117.207 -120.643
F1_KNU1_A 30.6366 129.115 -52.6412
F1_KNU1_B 22.8107 132.641 -19.1915
F1_KNU2_A 32.8631 123.079 -70.6273
F1_KNU3_A 33.0989 114.847 -85.3099
F2_KNU1_A 7.58906 132.797 -70.0183
F2_KNU1_B 3.99865 137.686 -26.8056
F2_KNU2_A 7.73975 124.052 -95.6209
F2_KNU3_A 6.59684 114.999 -111.423
TH_KNU1_A -60.1209 150.94 13.2149
TH_KNU1_B -28.0386 152.952 49.8678
TH_KNU2_A -81.1454 148.538 -12.4961
TH_KNU3_A -98.6693 150.995 -26.9643
PALM_POSITION -12.8387 141.317 -7.00757
PALM_NORMAL -0.140063 -0.952963 0.268783
