F4_KNU1_A -48.7738 132.544 -72.3227
F4_KNU1_B -40.3609 142.514 -32.4429
F4_KNU2_A -54.0469 122.566 -93.056
F4_KNU3_A -57.9848 113.064 -106.196
F3_KNU1_A -18.7352 130.343 -79.9693
F3_KNU1_B -18.8525 141.301 -34.1875
F3_KNU2_A -20.2447 118.325 -104.961
F3_KNU3_A -22.1199 107.473 -119.643
F1_KNU1_A 29.8281 128.654 -53.6361
F1_KNU1_B 21.6797 136.57 -21.0246
F1_KNU2_A 32.3904 120.421 -70.6814
F1_KNU3_A 33.0558 110.522 -84.2818
F2_KNU1_A 6.75409 129.678 -71.3046
F2_KNU1_B 2.81658 140.414 -29.1931
F2_KNU2_A 7.29788 117.646 -95.5308
F2_KNU3_A 6.52867 106.682 -110.097
TH_KNU1_A -62.2717 156.041 9.37233
TH_KNU1_B -30.099 162.433 45.4393
TH_KNU2_A -83.6256 150.935 -15.6636
TH_KNU3_A -101.697 152.329 -29.5889
PALM_POSITION -14.2385 145.597 -9.93414
PALM_NORMAL -0.12101 -0.924761 0.360796
