F4_KNU1_A -45.3597 138.449 -66.9338
F4_KNU1_B -36.2649 145.999 -26.6739
F4_KNU2_A -51.0114 129.776 -88.149
F4_KNU3_A -55.2066 121.14 -101.797
F3_KNU1_A -15.2177 137.006 -74.9992
F3_KNU1_B -14.7667 144.86 -28.5862
F3_KNU2_A -17.0659 126.74 -100.738
F3_KNU3_A -19.1571 116.955 -116.124
F1_KNU1_A 34.7191 132.532 -48.6629
F1_KNU1_B 25.8024 139.107 -15.9547
F1_KNU2_A 37.7627 125.095 -65.9927
F1_KNU3_A 38.891 115.907 -80.0532
F2_KNU1_A 10.0894 135.754 -66.5679
F2_KNU1_B 6.91877 143.567 -23.754
F2_KNU2_A 10.0534 125.205 -91.4817
F2_KNU3_A 8.84932 115.037 -106.586
TH_KNU1_A -58.6751 154.728 16.9571
TH_KNU1_B -25.6526 160.306 52.3854
TH_KNU2_A -81.0182 150.669 -7.39804
TH_KNU3_A -100.054 153.434 -19.7456
PALM_POSITION -10.0487 147.41 -4.10742
PALM_NORMAL -0.122139 -0.947771 0.294639
