F4_KNU1_A -44.5936 144.418 -66.5353
F4_KNU1_B -35.0476 144.149 -25.6773
F4_KNU2_A -50.3608 139.619 -88.9174
F4_KNU3_A -54.5327 133.31 -103.791
F3_KNU1_A -15.1449 147.353 -75.0983
F3_KNU1_B -13.5775 144.138 -28.1595
F3_KNU2_A -17.4795 143.314 -102.476
F3_KNU3_A -19.7905 137.254 -119.645
F1_KNU1_A 35.076 139.39 -51.1454
F1_KNU1_B 27.4534 137.698 -17.5061
F1_KNU2_A 37.4966 136.253 -69.8321
F1_KNU3_A 38.1425 130.456 -85.6236
F2_KNU1_A 9.56246 146.591 -67.4873
F2_KNU1_B 8.25054 142.789 -24.0366
F2_KNU2_A 8.68174 143.416 -94.3411
F2_KNU3_A 7.08962 138.024 -111.701
TH_KNU1_A -56.0997 143.298 18.7254
TH_KNU1_B -22.9574 144.597 54.4557
TH_KNU2_A -78.0339 141.756 -6.28202
TH_KNU3_A -96.8269 144.842 -18.9212
PALM_POSITION -8.3429 142.48 -3.70908
PALM_NORMAL -0.0844536 -0.988735 0.123578
