F4_KNU1_A -44.9657 152.462 -67.9214
F4_KNU1_B -35.6347 144.015 -27.8945
F4_KNU2_A -50.4088 151.969 -90.886
F4_KNU3_A -54.2176 148.343 -106.722
F3_KNU1_A -16.4235 158.498 -75.8273
F3_KNU1_B -14.2485 145.53 -30.626
F3_KNU2_A -18.8398 160.183 -103.443
F3_KNU3_A -21.0507 157.658 -121.487
F1_KNU1_A 33.9447 148.987 -54.1592
F1_KNU1_B 27.2718 139.916 -21.5132
F1_KNU2_A 36.0345 149.838 -73.1275
F1_KNU3_A 36.5245 147.266 -89.757
F2_KNU1_A 8.17241 157.861 -68.6508
F2_KNU1_B 7.69953 144.814 -27.0133
F2_KNU2_A 7.06543 160.564 -95.5479
F2_KNU3_A 5.48562 159.001 -113.66
TH_KNU1_A -55.3273 135.982 15.8568
TH_KNU1_B -21.9587 133.86 51.3363
TH_KNU2_A -76.8861 136.559 -9.51519
TH_KNU3_A -95.2974 139.815 -22.663
PALM_POSITION -8.43829 140.742 -6.72444
PALM_NORMAL -0.0299299 -0.999417 -0.0164261
