F4_KNU1_A -51.4496 177.515 -45.7939
F4_KNU1_B -48.6571 153.296 -10.4186
F4_KNU2_A -53.4368 188.249 -67.3587
F4_KNU3_A -55.0868 193.839 -83.4196
F3_KNU1_A -27.731 153.055 -60.9505
F3_KNU1_B -26.6517 153.298 -12.7628
F3_KNU2_A -29.1226 150.04 -89.1923
F3_KNU3_A -30.4177 146.607 -107.623
F1_KNU1_A 16.0962 158.013 -36.4616
F1_KNU1_B 14.8278 140.834 -5.5822
F1_KNU2_A 15.9195 166.069 -54.2836
F1_KNU3_A 15.0964 172.016 -70.441
F2_KNU1_A -5.34677 167.462 -50.3004
F2_KNU1_B -4.46393 149.254 -9.5085
F2_KNU2_A -6.54269 177.094 -76.2461
F2_KNU3_A -7.72443 182.601 -94.0611
TH_KNU1_A -66.2607 135.078 26.6571
TH_KNU1_B -37.7793 119.386 64.5296
TH_KNU2_A -80.7154 143.082 -3.16761
TH_KNU3_A -93.6671 150.221 -21.3063
PALM_POSITION -21.8314 141.204 9.34715
PALM_NORMAL -0.129424 -0.946891 -0.294358
