F4_KNU1_A -49.8117 193.87 -56.9717
F4_KNU1_B -38.6184 167.095 -26.6672
F4_KNU2_A -56.3875 204.395 -77.0521
F4_KNU3_A -60.996 208.504 -92.5545
F3_KNU1_A -21.8092 203.237 -63.6291
F3_KNU1_B -17.5493 170.608 -29.9646
F3_KNU2_A -25.4552 217.515 -87.1696
F3_KNU3_A -28.4589 223.399 -104.292
F1_KNU1_A 29.7955 188.167 -50.4309
F1_KNU1_B 24.6814 164.39 -25.9142
F1_KNU2_A 31.046 197.837 -66.8573
F1_KNU3_A 30.7908 203.022 -82.8713
F2_KNU1_A 3.21647 201.079 -58.5989
F2_KNU1_B 4.61895 169.848 -28.1557
F2_KNU2_A 0.956726 216.117 -80.9761
F2_KNU3_A -1.39346 223.071 -97.6824
TH_KNU1_A -55.3655 144.339 13.788
TH_KNU1_B -18.7675 130.652 42.9426
TH_KNU2_A -76.6747 152.58 -10.4373
TH_KNU3_A -94.2081 159.106 -23.5688
PALM_POSITION -9.83171 158.091 -9.67356
PALM_NORMAL -0.00209006 -0.930812 -0.365492
