F4_KNU1_A -50.3332 208.096 -45.6995
F4_KNU1_B -38.4037 175.438 -22.2108
F4_KNU2_A -57.3147 223.487 -62.18
F4_KNU3_A -62.2711 232.053 -75.615
F3_KNU1_A -22.8184 218.862 -50.9152
F3_KNU1_B -17.4475 179.908 -25.0352
F3_KNU2_A -26.8639 238.882 -69.7344
F3_KNU3_A -30.0164 249.901 -84.0687
F1_KNU1_A 30.3022 202.464 -41.3069
F1_KNU1_B 24.9338 173.786 -22.8322
F1_KNU2_A 32.2645 216.571 -54.0365
F1_KNU3_A 33.114 227.224 -67.0435
F2_KNU1_A 2.43228 216.203 -46.7304
F2_KNU1_B 4.75649 179.212 -23.701
F2_KNU2_A 0.0320059 236.875 -64.0186
F2_KNU3_A -2.17227 249.096 -77.3891
TH_KNU1_A -54.9212 145.495 14.8701
TH_KNU1_B -16.8601 126.487 38.6774
TH_KNU2_A -75.5405 158.212 -7.97718
TH_KNU3_A -91.1732 167.075 -22.1018
PALM_POSITION -9.20816 163.816 -7.68182
PALM_NORMAL 0.00606297 -0.841561 -0.540127
