F4_KNU1_A -49.6188 219.115 -42.4835
F4_KNU1_B -38.6106 184.251 -21.8946
F4_KNU2_A -56.2043 236.37 -57.1852
F4_KNU3_A -61.0016 246.712 -69.3701
F3_KNU1_A -21.9614 229.124 -47.1714
F3_KNU1_B -17.5072 188.061 -24.588
F3_KNU2_A -25.4977 251.136 -63.733
F3_KNU3_A -28.3573 264.017 -76.4902
F1_KNU1_A 31.1493 209.606 -39.9841
F1_KNU1_B 24.5828 179.944 -23.5643
F1_KNU2_A 33.7554 224.607 -51.5196
F1_KNU3_A 35.1543 236.37 -63.4807
F2_KNU1_A 3.95757 224.954 -43.8542
F2_KNU1_B 4.65679 186.289 -23.6392
F2_KNU2_A 2.59487 247.218 -59.1654
F2_KNU3_A 1.09459 260.923 -71.1195
TH_KNU1_A -55.6199 152.606 12.6835
TH_KNU1_B -18.6338 128.943 33.8694
TH_KNU2_A -76.3918 168.94 -7.57912
TH_KNU3_A -90.8123 180.159 -21.3137
PALM_POSITION -9.81099 170.078 -8.92374
PALM_NORMAL -0.0365312 -0.786874 -0.616032
