F4_KNU1_A -39.2422 173.913 -70.9922
F4_KNU1_B -33.3654 152.348 -35.4821
F4_KNU2_A -43.1678 183.002 -92.4219
F4_KNU3_A -46.2964 187.311 -108.236
F3_KNU1_A -9.47895 177.127 -77.3352
F3_KNU1_B -11.8801 151.757 -37.7539
F3_KNU2_A -9.07264 189.183 -102.351
F3_KNU3_A -9.43862 195.218 -119.68
F1_KNU1_A 39.265 156.763 -57.4676
F1_KNU1_B 28.461 139.928 -29.3176
F1_KNU2_A 44.1606 164.03 -74.4416
F1_KNU3_A 47.5107 168.642 -90.2817
F2_KNU1_A 15.3672 171.697 -70.2623
F2_KNU1_B 9.73511 147.903 -34.1199
F2_KNU2_A 17.8572 184.027 -94.2154
F2_KNU3_A 18.8773 190.7 -111.169
TH_KNU1_A -57.2954 142.009 9.31059
TH_KNU1_B -23.0996 128.175 41.1858
TH_KNU2_A -76.5894 148.562 -17.0266
TH_KNU3_A -91.9124 154.522 -32.9054
PALM_POSITION -7.30795 142.577 -14.8895
PALM_NORMAL -0.143728 -0.973543 -0.177641
