F4_KNU1_A -38.3389 163.747 -72.236
F4_KNU1_B -32.3954 144.063 -35.6605
F4_KNU2_A -42.2926 171.814 -94.066
F4_KNU3_A -45.4379 175.443 -110.046
F3_KNU1_A -8.24529 166.307 -78.6382
F3_KNU1_B -10.8868 143.313 -37.646
F3_KNU2_A -7.68667 176.891 -104.308
F3_KNU3_A -7.94579 181.928 -121.955
F1_KNU1_A 40.4619 146.961 -57.117
F1_KNU1_B 29.3264 131.891 -28.1091
F1_KNU2_A 45.5731 153.22 -74.4259
F1_KNU3_A 49.1414 156.939 -90.4517
F2_KNU1_A 16.4557 161.159 -71.0662
F2_KNU1_B 10.676 139.625 -33.5559
F2_KNU2_A 19.0874 172.123 -95.6596
F2_KNU3_A 20.2375 177.921 -112.924
TH_KNU1_A -57.211 136.258 9.71913
TH_KNU1_B -23.073 124.077 42.3225
TH_KNU2_A -76.2652 141.297 -17.1211
TH_KNU3_A -92.0513 146.828 -32.6986
PALM_POSITION -6.60063 135.381 -14.2646
PALM_NORMAL -0.143943 -0.981515 -0.12613
