F4_KNU1_A -43.9274 166.999 -65.5865
F4_KNU1_B -36.7554 144.61 -30.8318
F4_KNU2_A -48.7858 176.486 -86.6493
F4_KNU3_A -52.6902 181.018 -102.227
F3_KNU1_A -13.962 169.824 -72.5112
F3_KNU1_B -15.3584 143.353 -33.6093
F3_KNU2_A -14.4115 182.404 -97.2673
F3_KNU3_A -15.5003 188.675 -114.481
F1_KNU1_A 34.0037 147.815 -54.4325
F1_KNU1_B 24.7544 130.103 -26.2671
F1_KNU2_A 37.863 155.616 -71.4366
F1_KNU3_A 40.1695 160.725 -87.3104
F2_KNU1_A 10.4004 163.738 -66.0522
F2_KNU1_B 6.19584 138.748 -30.5288
F2_KNU2_A 11.8511 176.943 -89.6218
F2_KNU3_A 12.0786 184.282 -106.327
TH_KNU1_A -60.0869 134.913 14.7215
TH_KNU1_B -25.5452 119.059 45.2545
TH_KNU2_A -79.1399 142.279 -11.5766
TH_KNU3_A -95.6801 149.996 -25.3356
PALM_POSITION -10.5705 133.713 -10.9792
PALM_NORMAL -0.179618 -0.965805 -0.186971
