F4_KNU1_A -48.0751 190.256 -67.1803
F4_KNU1_B -40.7032 166.649 -33.2842
F4_KNU2_A -53.0719 200.385 -87.9089
F4_KNU3_A -57.0865 205.317 -103.336
F3_KNU1_A -18.3667 193.448 -74.0577
F3_KNU1_B -19.3075 165.562 -36.1424
F3_KNU2_A -19.0735 206.972 -98.3043
F3_KNU3_A -20.3245 213.927 -115.243
F1_KNU1_A 29.6538 171.371 -56.6623
F1_KNU1_B 20.8883 152.344 -29.2087
F1_KNU2_A 33.2192 179.925 -73.3661
F1_KNU3_A 35.2441 185.694 -89.0509
F2_KNU1_A 5.89068 187.425 -67.7544
F2_KNU1_B 2.27682 160.994 -33.2226
F2_KNU2_A 6.97871 201.617 -90.763
F2_KNU3_A 6.96464 209.674 -107.136
TH_KNU1_A -63.777 155.939 12.0675
TH_KNU1_B -29.1736 139.39 42.1591
TH_KNU2_A -82.9405 163.984 -13.9497
TH_KNU3_A -99.3503 171.886 -27.7596
PALM_POSITION -14.4146 155.422 -13.7546
PALM_NORMAL -0.175366 -0.962071 -0.208965
