F4_KNU1_A -55.0289 210.314 -67.6292
F4_KNU1_B -46.7113 186.06 -34.4152
F4_KNU2_A -60.4862 221.153 -87.877
F4_KNU3_A -64.7884 226.832 -102.966
F3_KNU1_A -25.4228 213.916 -74.8871
F3_KNU1_B -25.3429 185.242 -37.5532
F3_KNU2_A -26.5001 228.503 -98.4956
F3_KNU3_A -27.8515 236.575 -114.923
F1_KNU1_A 23.0778 192.143 -58.4521
F1_KNU1_B 15.0727 172.356 -31.3051
F1_KNU2_A 26.3787 201.39 -74.8375
F1_KNU3_A 28.3153 208.019 -90.1902
F2_KNU1_A -1.0244 208.046 -68.9975
F2_KNU1_B -3.67707 180.862 -34.9657
F2_KNU2_A -0.277302 223.235 -91.3743
F2_KNU3_A -0.353367 232.341 -107.187
TH_KNU1_A -69.1186 174.423 11.0558
TH_KNU1_B -33.9525 157.873 40.4873
TH_KNU2_A -88.8077 182.664 -14.5036
TH_KNU3_A -105.348 190.463 -28.2161
PALM_POSITION -20.064 174.842 -15.3731
PALM_NORMAL -0.1679 -0.960866 -0.220331
