F4_KNU1_A -58.2112 222.7 -69.3203
F4_KNU1_B -49.6765 198.905 -35.8309
F4_KNU2_A -63.8297 233.104 -89.7513
F4_KNU3_A -68.2615 238.352 -104.959
F3_KNU1_A -28.2623 226.355 -76.5341
F3_KNU1_B -28.2996 198.068 -38.9056
F3_KNU2_A -29.4322 240.291 -100.528
F3_KNU3_A -30.9429 247.637 -117.279
F1_KNU1_A 20.1833 204.782 -59.7484
F1_KNU1_B 12.1088 185.279 -32.417
F1_KNU2_A 23.4702 213.767 -76.2815
F1_KNU3_A 25.3472 220.07 -91.7781
F2_KNU1_A -3.70253 220.346 -70.6723
F2_KNU1_B -6.63741 193.732 -36.2162
F2_KNU2_A -3.02013 234.662 -93.6197
F2_KNU3_A -3.29487 242.809 -109.945
TH_KNU1_A -72.5986 188.018 10.3492
TH_KNU1_B -37.0895 171.531 39.4013
TH_KNU2_A -92.5247 196.152 -15.0603
TH_KNU3_A -108.974 203.73 -29.0045
PALM_POSITION -23.0702 187.91 -16.602
PALM_NORMAL -0.166671 -0.96329 -0.210457
