F4_KNU1_A -58.3396 229.149 -69.8404
F4_KNU1_B -49.4937 205.472 -36.348
F4_KNU2_A -64.1402 239.314 -90.3408
F4_KNU3_A -68.6944 244.269 -105.61
F3_KNU1_A -28.3869 233.143 -77.1193
F3_KNU1_B -28.1176 204.869 -39.4824
F3_KNU2_A -29.7809 246.877 -101.218
F3_KNU3_A -31.463 253.951 -118.069
F1_KNU1_A 20.2982 212.065 -60.474
F1_KNU1_B 12.4455 192.519 -33.1092
F1_KNU2_A 23.3538 220.857 -77.1548
F1_KNU3_A 24.9306 226.785 -92.8319
F2_KNU1_A -3.73826 227.371 -71.3411
F2_KNU1_B -6.4021 200.768 -36.8543
F2_KNU2_A -3.31922 241.42 -94.4588
F2_KNU3_A -3.83156 249.2 -110.957
TH_KNU1_A -72.3503 193.966 9.92092
TH_KNU1_B -36.4003 178.221 38.8424
TH_KNU2_A -92.214 201.397 -15.7515
TH_KNU3_A -108.794 208.572 -29.7539
PALM_POSITION -22.7159 194.764 -17.1958
PALM_NORMAL -0.156769 -0.965003 -0.210222
