F4_KNU1_A -61.5091 179.916 -47.9599
F4_KNU1_B -54.8105 159.148 -10.9519
F4_KNU2_A -65.3994 190.906 -69.1328
F4_KNU3_A -68.2219 198.241 -84.3034
F3_KNU1_A -36.2017 177.446 -58.2052
F3_KNU1_B -32.8685 158.945 -13.8217
F3_KNU2_A -38.6541 186.853 -84.9284
F3_KNU3_A -40.5423 192.208 -102.842
F1_KNU1_A 12.6158 165.281 -37.4161
F1_KNU1_B 8.5315 145.334 -8.5076
F1_KNU2_A 13.0343 173.505 -55.157
F1_KNU3_A 11.9594 178.341 -71.6666
F2_KNU1_A -11.7487 151.438 -55.9604
F2_KNU1_B -10.689 154.321 -11.3864
F2_KNU2_A -13.8529 145.846 -83.0103
F2_KNU3_A -15.9669 140.248 -100.71
TH_KNU1_A -71.8357 137.547 24.5841
TH_KNU1_B -42.8317 120.027 61.2391
TH_KNU2_A -88.1655 147.715 -3.56665
TH_KNU3_A -102.247 156.175 -20.236
PALM_POSITION -27.7621 145.292 7.2941
PALM_NORMAL -0.15336 -0.922324 -0.354683
