F4_KNU1_A -63.7812 122.276 -50.7979
F4_KNU1_B -60.0917 146.901 -15.7866
F4_KNU2_A -61.4777 98.6222 -46.3956
F4_KNU3_A -58.7247 88.1674 -33.1655
F3_KNU1_A -44.5804 170.384 -61.9344
F3_KNU1_B -38.372 149.969 -18.7144
F3_KNU2_A -48.5577 180.691 -88.137
F3_KNU3_A -51.3619 186.45 -105.804
F1_KNU1_A 3.56208 162.865 -41.9076
F1_KNU1_B 4.61194 144.182 -11.9058
F1_KNU2_A 2.4508 172.048 -59.1409
F1_KNU3_A 1.05831 179.199 -74.7626
F2_KNU1_A -20.4488 171.873 -54.1641
F2_KNU1_B -15.7766 149.425 -15.8162
F2_KNU2_A -23.6052 184.904 -78.4048
F2_KNU3_A -25.8906 193.14 -95.0192
TH_KNU1_A -65.6332 110.839 17.1644
TH_KNU1_B -43.0158 119.786 60.7554
TH_KNU2_A -74.5362 102.909 -14.7786
TH_KNU3_A -78.3656 96.944 -37.0829
PALM_POSITION -31.4328 140.141 3.94897
PALM_NORMAL 0.0064998 -0.972442 -0.233053
