F4_KNU1_A -62.1084 131.031 -51.3693
F4_KNU1_B -57.3355 153.937 -15.3374
F4_KNU2_A -59.4223 107.847 -45.0844
F4_KNU3_A -56.2886 99.5575 -30.4767
F3_KNU1_A -42.7516 181.374 -58.8575
F3_KNU1_B -35.5588 156.842 -17.9953
F3_KNU2_A -47.3248 194.367 -83.7354
F3_KNU3_A -50.5331 202.05 -100.582
F1_KNU1_A 6.71683 171.505 -39.5367
F1_KNU1_B 7.30152 149.721 -11.6906
F1_KNU2_A 6.06314 182.928 -55.3997
F1_KNU3_A 5.22658 192.483 -69.7214
F2_KNU1_A -17.029 181.622 -51.2762
F2_KNU1_B -12.9818 155.645 -15.1503
F2_KNU2_A -19.7101 197.212 -74.0176
F2_KNU3_A -21.6231 207.404 -89.5593
TH_KNU1_A -58.3917 108.199 13.4854
TH_KNU1_B -40.8817 120.197 58.6652
TH_KNU2_A -62.9595 98.7072 -18.9422
TH_KNU3_A -54.6533 91.433 -39.5776
PALM_POSITION -28.8368 145.025 3.76563
PALM_NORMAL -0.0108075 -0.949453 -0.313722
