F4_KNU1_A -80.3615 177.583 -17.3134
F4_KNU1_B -56.1313 186.622 16.9936
F4_KNU2_A -80.9256 153.422 -17.6572
F4_KNU3_A -74.2906 141.002 -7.97999
F3_KNU1_A -53.3355 223.232 -19.894
F3_KNU1_B -36.6496 186.511 6.49674
F3_KNU2_A -64.3424 243.537 -36.4821
F3_KNU3_A -72.2511 256.122 -47.9809
F1_KNU1_A -1.82586 198.922 -28.4168
F1_KNU1_B 1.3478 170.115 -8.15973
F1_KNU2_A -4.01383 214.591 -39.9163
F1_KNU3_A -6.27517 228.184 -50.2708
F2_KNU1_A -27.8214 216.378 -24.4988
F2_KNU1_B -15.9781 180.362 -0.859537
F2_KNU2_A -35.5878 238.339 -39.4929
F2_KNU3_A -41.0744 252.924 -49.8013
TH_KNU1_A -67.2415 134.467 34.0743
TH_KNU1_B -28.2588 123.679 63.3272
TH_KNU2_A -81.5346 138.072 3.3298
TH_KNU3_A -79.6896 137.129 -19.9819
PALM_POSITION -27.3749 165.971 18.7615
PALM_NORMAL -0.41201 -0.725509 -0.551258
