F4_KNU1_A -69.3245 167.727 -33.9086
F4_KNU1_B -49.7493 181.024 1.94906
F4_KNU2_A -68.2321 143.651 -32.0753
F4_KNU3_A -61.808 132.948 -20.4096
F3_KNU1_A -44.0673 216.758 -35.3193
F3_KNU1_B -29.1308 181.473 -6.07624
F3_KNU2_A -53.8075 236.254 -53.586
F3_KNU3_A -60.7672 248.31 -66.2098
F1_KNU1_A 14.0151 192.748 -38.0632
F1_KNU1_B 11.5925 167.052 -13.8939
F1_KNU2_A 14.8838 206.542 -51.9015
F1_KNU3_A 15.2745 218.351 -64.4522
F2_KNU1_A -16.4696 211.545 -36.1457
F2_KNU1_B -7.2707 176.44 -10.0827
F2_KNU2_A -22.5844 232.876 -52.7294
F2_KNU3_A -26.9584 246.987 -64.168
TH_KNU1_A -60.1714 132.964 25.9817
TH_KNU1_B -23.2619 126.952 59.047
TH_KNU2_A -69.8881 132.361 -6.69447
TH_KNU3_A -65.0961 129.122 -29.372
PALM_POSITION -19.943 163.503 9.76681
PALM_NORMAL -0.280165 -0.821487 -0.496656
