F4_KNU1_A -54.8641 162.731 -43.3038
F4_KNU1_B -38.1333 182.963 -9.29639
F4_KNU2_A -56.2216 139.109 -38.3679
F4_KNU3_A -52.3541 128.837 -25.2737
F3_KNU1_A -28.2439 202.553 -56.4667
F3_KNU1_B -16.8179 180.981 -14.9051
F3_KNU2_A -36.4714 212.15 -81.9391
F3_KNU3_A -42.6787 216.645 -99.0972
F1_KNU1_A 28.5346 180.581 -45.582
F1_KNU1_B 23.6976 164.072 -14.6899
F1_KNU2_A 30.5893 188.956 -63.1372
F1_KNU3_A 31.917 195.735 -78.9294
F2_KNU1_A -1.46623 198.273 -52.5453
F2_KNU1_B 5.04929 174.58 -15.2294
F2_KNU2_A -6.36061 211.629 -76.3164
F2_KNU3_A -10.1562 219.821 -92.6741
TH_KNU1_A -50.8522 140.132 21.908
TH_KNU1_B -20.2894 143.108 61.2631
TH_KNU2_A -60.6492 133.071 -9.97732
TH_KNU3_A -48.7809 123.72 -27.8497
PALM_POSITION -10.1911 166.991 5.55753
PALM_NORMAL -0.270367 -0.907412 -0.321722
