F4_KNU1_A -47.551 194.72 -45.6231
F4_KNU1_B -35.9499 180.848 -6.65198
F4_KNU2_A -55.0082 185.337 -66.6124
F4_KNU3_A -58.7554 170.937 -75.0101
F3_KNU1_A -28.2115 175.465 -56.3635
F3_KNU1_B -14.1654 180.357 -10.5153
F3_KNU2_A -36.561 148.616 -60.6096
F3_KNU3_A -36.9883 134.325 -48.4141
F1_KNU1_A 30.3657 187.656 -34.8394
F1_KNU1_B 27.3521 166.64 -6.56345
F1_KNU2_A 30.7428 197.531 -51.7179
F1_KNU3_A 30.0474 204.725 -67.3665
F2_KNU1_A 2.7087 186.011 -52.0473
F2_KNU1_B 8.0743 175.657 -8.91634
F2_KNU2_A -3.36942 184.953 -79.0535
F2_KNU3_A -8.72691 180.186 -96.3067
TH_KNU1_A -39.0022 141.482 20.0138
TH_KNU1_B -20.8891 144.545 66.4283
TH_KNU2_A -46.9032 137.472 -12.9103
TH_KNU3_A -42.1493 131.063 -34.9117
PALM_POSITION -8.17277 167.517 10.876
PALM_NORMAL -0.175189 -0.934494 -0.309887
