F4_KNU1_A -47.4239 193.54 -45.1907
F4_KNU1_B -35.0471 178.664 -6.83349
F4_KNU2_A -54.3203 184.693 -66.6003
F4_KNU3_A -57.221 170.48 -75.6279
F3_KNU1_A -27.8514 169.504 -55.4556
F3_KNU1_B -13.2696 179.635 -10.6449
F3_KNU2_A -33.2279 141.58 -55.4467
F3_KNU3_A -31.614 129.291 -41.3218
F1_KNU1_A 31.2298 191.902 -33.3165
F1_KNU1_B 29.0049 168.353 -7.03426
F1_KNU2_A 31.2971 203.268 -49.2339
F1_KNU3_A 30.4182 211.808 -64.1803
F2_KNU1_A 5.1758 185.07 -52.7526
F2_KNU1_B 9.21423 176.251 -9.13861
F2_KNU2_A 1.07884 185.365 -80.1484
F2_KNU3_A -2.46712 182.77 -98.3083
TH_KNU1_A -36.2045 137.853 18.6908
TH_KNU1_B -17.866 140.882 65.0189
TH_KNU2_A -43.8528 134.112 -14.3247
TH_KNU3_A -37.7715 128.383 -36.1861
PALM_POSITION -6.52396 166.465 10.3167
PALM_NORMAL -0.11744 -0.932355 -0.341937
