F4_KNU1_A -47.7338 192.441 -45.3494
F4_KNU1_B -35.0665 177.526 -7.10201
F4_KNU2_A -54.5889 183.619 -66.7826
F4_KNU3_A -57.3473 169.416 -75.8708
F3_KNU1_A -27.9945 167.053 -55.3592
F3_KNU1_B -13.3135 178.778 -10.9716
F3_KNU2_A -32.8452 139.04 -54.7473
F3_KNU3_A -31.0195 126.832 -40.5778
F1_KNU1_A 31.1837 191.818 -33.575
F1_KNU1_B 29.1059 168 -7.52392
F1_KNU2_A 31.1902 203.337 -49.3823
F1_KNU3_A 30.273 212.011 -64.2493
F2_KNU1_A 5.33414 183.978 -53.2693
F2_KNU1_B 9.21421 175.664 -9.542
F2_KNU2_A 1.60509 184.676 -80.7103
F2_KNU3_A -1.56961 182.743 -99.021
TH_KNU1_A -35.6856 136.029 18.3259
TH_KNU1_B -17.2175 139.686 64.5571
TH_KNU2_A -43.1982 131.896 -14.6739
TH_KNU3_A -36.4714 126.055 -36.3157
PALM_POSITION -6.34698 165.612 9.9206
PALM_NORMAL -0.107023 -0.932428 -0.345144
