F4_KNU1_A -49.1191 190.652 -45.7608
F4_KNU1_B -36.0133 175.817 -7.63033
F4_KNU2_A -55.9133 181.797 -67.1999
F4_KNU3_A -58.458 167.582 -76.3312
F3_KNU1_A -28.7994 164.141 -55.5813
F3_KNU1_B -14.3042 177.48 -11.5902
F3_KNU2_A -32.9819 136.04 -54.3518
F3_KNU3_A -30.9212 123.982 -40.0864
F1_KNU1_A 30.5917 191.528 -34.1719
F1_KNU1_B 28.3228 167.488 -8.34156
F1_KNU2_A 30.7254 203.139 -49.911
F1_KNU3_A 29.9321 211.856 -64.7596
F2_KNU1_A 4.55707 181.885 -54.2156
F2_KNU1_B 8.28353 174.783 -10.2619
F2_KNU2_A 1.20166 182.53 -81.7061
F2_KNU3_A -1.58587 180.957 -100.114
TH_KNU1_A -35.6531 133.711 17.7406
TH_KNU1_B -17.1567 138.199 63.8872
TH_KNU2_A -43.1951 129.153 -15.1965
TH_KNU3_A -35.342 123.172 -36.4166
PALM_POSITION -7.00447 164.412 9.24949
PALM_NORMAL -0.0911391 -0.933692 -0.346285
