F4_KNU1_A -52.2976 198.865 -48.8027
F4_KNU1_B -41.1021 177.475 -13.2651
F4_KNU2_A -57.8127 193.976 -71.8222
F4_KNU3_A -59.6876 181.618 -83.4706
F3_KNU1_A -26.4455 206.24 -55.3475
F3_KNU1_B -19.2319 179.869 -15.6515
F3_KNU2_A -33.5815 203.371 -82.7241
F3_KNU3_A -38.2567 191.58 -96.5895
F1_KNU1_A 26.8445 192.156 -38.8194
F1_KNU1_B 23.2752 169.564 -11.8536
F1_KNU2_A 27.6657 202.555 -55.3643
F1_KNU3_A 27.4972 209.958 -70.9296
F2_KNU1_A 0.234141 192.234 -55.4693
F2_KNU1_B 3.28163 177.035 -13.5651
F2_KNU2_A -3.28274 195.287 -82.777
F2_KNU3_A -6.42445 193.864 -101.14
TH_KNU1_A -39.1838 130.562 3.41243
TH_KNU1_B -25.7018 127.803 51.3957
TH_KNU2_A -44.7588 131.618 -30.2077
TH_KNU3_A -29.157 127.983 -47.2692
PALM_POSITION -12.9162 163.326 2.91765
PALM_NORMAL -0.0606324 -0.857597 -0.510736
