F4_KNU1_A -58.0276 206.53 -46.2539
F4_KNU1_B -44.2283 181.816 -13.9344
F4_KNU2_A -64.6356 205.769 -69.491
F4_KNU3_A -67.0683 196.459 -83.6091
F3_KNU1_A -29.9637 215.812 -53.1463
F3_KNU1_B -22.5496 185.517 -16.3968
F3_KNU2_A -36.4902 217.497 -80.7722
F3_KNU3_A -40.7441 208.938 -96.952
F1_KNU1_A 19.6207 200.539 -40.4958
F1_KNU1_B 20.4798 177.138 -14.002
F1_KNU2_A 17.2066 209.417 -57.7559
F1_KNU3_A 13.7519 213.779 -74.0696
F2_KNU1_A -9.82305 165.546 -54.4441
F2_KNU1_B 0.110089 183.684 -14.8387
F2_KNU2_A -15.6918 140.631 -65.0378
F2_KNU3_A -18.6168 122.178 -64.874
TH_KNU1_A -39.6423 130.933 -1.47217
TH_KNU1_B -25.2575 127.913 46.2324
TH_KNU2_A -37.4419 131.502 -35.4919
TH_KNU3_A -15.9884 128.998 -44.5033
PALM_POSITION -15.0967 167.867 0.670738
PALM_NORMAL -0.026157 -0.815245 -0.578525
